501.3995 502.7886 503.4908 503.7461 503.6504 503.2436 502.5347 501.5074 500.1157 498.2684 495.7880 492.3007 486.8948 476.8965 452.8904 
502.9417 506.5342 508.5489 509.3670 509.1882 508.1071 506.1449 503.2569 499.3213 494.1050 487.1858 477.7838 464.3880 443.9563 410.5180 
503.9600 509.1909 512.2851 513.6143 513.4061 511.7776 508.7549 504.2761 498.1780 490.1629 479.7331 466.0755 447.8800 423.1339 389.2253 
504.7045 511.1697 515.1194 516.8807 516.6738 514.6199 510.7470 504.9887 497.1740 487.0060 474.0266 457.5717 436.7375 410.4371 377.7479 
505.2816 512.7008 517.3275 519.4486 519.2700 516.9110 512.4024 505.6835 496.5975 484.8826 470.1660 451.9658 429.7279 402.9437 371.4182 
505.7434 513.9134 519.0782 521.5014 521.3800 518.8332 513.8975 506.5234 496.5755 483.8351 468.0112 448.7678 425.7831 398.8584 368.0869 
506.1145 514.8720 520.4592 523.1359 523.1004 520.4778 515.3124 507.5668 497.1239 483.7971 467.3499 447.5334 424.1489 397.1383 366.6942 
506.4017 515.5935 521.4916 524.3713 524.4452 521.8502 516.6410 508.7888 498.1859 484.6574 467.9838 447.9412 424.3628 397.2220 366.7230 
506.5965 516.0533 522.1350 525.1532 525.3476 522.8738 517.7976 510.0948 499.6551 486.2922 469.7643 449.8107 426.2133 398.8862 367.9846 
506.6757 516.1843 522.2864 525.3515 525.6591 523.3888 518.6180 511.3230 501.3808 488.5736 472.6002 453.1019 429.7193 402.1989 370.5592 
506.5979 515.8700 521.7710 524.7518 525.1411 523.1449 518.8514 512.2354 503.1565 491.3546 476.4425 457.9069 435.1410 407.5569 374.8477 
506.2955 514.9268 520.3240 523.0399 523.4531 521.7907 518.1483 512.4994 504.6923 494.4311 481.2417 464.4237 443.0106 415.8176 381.7768 
505.6566 513.0694 517.5584 519.7788 520.1371 518.8611 516.0441 511.6625 505.5709 497.4728 486.8548 472.8688 454.1415 428.5558 393.3314 
504.4735 509.8396 512.9132 514.3800 514.6033 513.7688 511.9491 509.1281 505.1970 499.9231 492.8731 483.2403 469.4642 448.4140 413.9570 
502.2787 504.4578 505.5784 506.0764 506.1275 505.8096 505.1518 504.1484 502.7582 500.8903 498.3630 494.7921 489.2463 479.0122 454.5858 
