0.6
[[0.0386552088,],
[0.0439246952,],
[0.0489716032,],
[0.0538556890,],
[0.0586266838,],
[0.0633215146,],
[0.0679663243,],
[0.0725793016,],
[0.0771730779,],
[0.0817564923,],
[0.0863358000,],
[0.0909154885,],
[0.0954988246,],
[0.1000882406,],
[0.1046855569,],
[0.1092921704,],
[0.1139091788,],
[0.1185374404,],
[0.1231776547,],
[0.1278303849,],
[0.1324961044,],
]
0.7000000000
[[0.0394753234,],
[0.0449717996,],
[0.0502277624,],
[0.0553041428,],
[0.0602539075,],
[0.0651172895,],
[0.0699231693,],
[0.0746918145,],
[0.0794373891,],
[0.0841698340,],
[0.0888962024,],
[0.0936215560,],
[0.0983495934,],
[0.1030830494,],
[0.1078239860,],
[0.1125739748,],
[0.1173342426,],
[0.1221057625,],
[0.1268893108,],
[0.1316855145,],
[0.1364949029,],
]
0.8000000000
[[0.0401631531,],
[0.0458614539,],
[0.0513039409,],
[0.0565518493,],
[0.0616607392,],
[0.0666737365,],
[0.0716221928,],
[0.0765282990,],
[0.0814076346,],
[0.0862711889,],
[0.0911267595,],
[0.0959799599,],
[0.1008348854,],
[0.1056945744,],
[0.1105613067,],
[0.1154368205,],
[0.1203224786,],
[0.1252193459,],
[0.1301282791,],
[0.1350499725,],
[0.1399849958,],
]
0.9000000000
[[0.0407509939,],
[0.0466309931,],
[0.0522420344,],
[0.0576449907,],
[0.0628974894,],
[0.0680452031,],
[0.0731217344,],
[0.0781510484,],
[0.0831500618,],
[0.0881307400,],
[0.0931015934,],
[0.0980687574,],
[0.1030367092,],
[0.1080087708,],
[0.1129874296,],
[0.1179745929,],
[0.1229717387,],
[0.1279800277,],
[0.1330003951,],
[0.1380335916,],
[0.1430802388,],
]
1.0000000000
[[0.0412608958,],
[0.0473060923,],
[0.0530709741,],
[0.0586155251,],
[0.0639990291,],
[0.0692693951,],
[0.0744622951,],
[0.0796033398,],
[0.0847107034,],
[0.0897972714,],
[0.0948722364,],
[0.0999422290,],
[0.1050120894,],
[0.1100854150,],
[0.1151648951,],
[0.1202525856,],
[0.1253500882,],
[0.1304586576,],
[0.1355792908,],
[0.1407128003,],
[0.1458598509,],
]
