0.6
20.0000,20.0000,20.0000,20.0000,20.0000,20.0000,20.0000,20.0000,20.0000,20.0000,20.0000,20.0000,20.0000,20.0000,20.0000,20.0000,20.0000,20.0000,20.0000,20.0000,20.0000,
0.7000
20.0000,20.0000,20.0000,20.0000,20.0000,20.0000,20.0000,20.0000,20.0000,20.0000,20.0000,20.0000,20.0000,20.0000,20.0000,20.0000,20.0000,20.0000,20.0000,20.0000,20.0000,
0.8000
20.0000,20.0000,20.0000,20.0000,20.0000,20.0000,20.0000,20.0000,20.0000,20.0000,20.0000,20.0000,20.0000,20.0000,20.0000,20.0000,20.0000,20.0000,20.0000,20.0000,20.0000,
0.9000
20.0000,20.0000,20.0000,20.0000,20.0000,20.0000,20.0000,20.0000,20.0000,20.0000,20.0000,20.0000,20.0000,20.0000,20.0000,20.0000,20.0000,20.0000,20.0000,20.0000,20.0000,
1.0000
20.0000,20.0000,20.0000,20.0000,20.0000,20.0000,20.0000,20.0000,20.0000,20.0000,20.0000,20.0000,20.0000,20.0000,20.0000,20.0000,20.0000,20.0000,20.0000,20.0000,20.0000,
