0.6
[[2069.5788,],
[1821.2989,],
[1633.5998,],
[1485.4512,],
[1364.5664,],
[1263.3937,],
[1177.0535,],
[1102.2426,],
[1036.6309,],
[978.5156,],
[926.6145,],
[879.9381,],
[837.7066,],
[799.2947,],
[764.1933,],
[731.9829,],
[702.3139,],
[674.8923,],
[649.4684,],
[625.8293,],
[603.7913,],
]
0.7000
[[2026.5825,],
[1778.8926,],
[1592.7447,],
[1446.5462,],
[1327.7147,],
[1228.5524,],
[1144.1129,],
[1071.0678,],
[1007.0824,],
[950.4593,],
[899.9260,],
[854.5041,],
[813.4248,],
[776.0733,],
[741.9499,],
[710.6438,],
[681.8129,],
[655.1697,],
[630.4708,],
[607.5080,],
[586.1025,],
]
0.8000
[[1991.8755,],
[1744.3843,],
[1559.3344,],
[1414.6310,],
[1297.4220,],
[1199.8728,],
[1116.9722,],
[1045.3649,],
[982.7088,],
[927.3084,],
[877.8980,],
[833.5073,],
[793.3762,],
[756.8979,],
[723.5804,],
[693.0198,],
[664.8799,],
[638.8789,],
[614.7780,],
[592.3733,],
[571.4898,],
]
0.9000
[[1963.1423,],
[1715.5972,],
[1531.3339,],
[1387.8049,],
[1271.9109,],
[1175.6890,],
[1094.0660,],
[1023.6587,],
[962.1159,],
[907.7423,],
[859.2764,],
[815.7542,],
[776.4223,],
[740.6806,],
[708.0434,],
[678.1121,],
[650.5560,],
[625.0975,],
[601.5020,],
[579.5691,],
[559.1268,],
]
1.0000
[[1938.8818,],
[1691.1141,],
[1507.4153,],
[1364.8261,],
[1250.0190,],
[1154.9112,],
[1074.3692,],
[1004.9830,],
[944.3907,],
[890.8957,],
[843.2393,],
[800.4624,],
[761.8170,],
[726.7084,],
[694.6561,],
[665.2664,],
[638.2126,],
[613.2211,],
[590.0606,],
[568.5339,],
[548.4717,],
]
