0.3
[[0.0253163884,0.0252847193,]
[0.0258285938,0.0257962792,]
]
0.4000000000
[[0.0194544422,0.0194356336,]
[0.0196298715,0.0196107643,]
]
0.5000000000
[[0.0158394267,0.0158277200,]
[0.0158447893,0.0158329042,]
]
0.6000000000
[[0.0134515083,0.0134439395,]
[0.0133651063,0.0133573965,]
]
0.7000000000
[[0.0117732508,0.0117682510,]
[0.0116349463,0.0116298129,]
]
0.8000000000
[[0.0105333420,0.0105300267,]
[0.0103645278,0.0103610757,]
]
0.9000000000
[[0.0095802194,0.0095780593,]
[0.0093932630,0.0093909597,]
]
1.0000000000
[[0.0088237162,0.0088223771,]
[0.0086261415,0.0086246526,]
]
1.1000000000
[[0.0082077375,0.0082069991,]
[0.0080041588,0.0080032646,]
]
1.2000000000
[[0.0076954958,0.0076952076,]
[0.0074888671,0.0074884181,]
]
1.3000000000
[[0.0072620513,0.0072621072,]
[0.0070543024,0.0070541933,]
]
1.4000000000
[[0.0068898188,0.0068901417,]
[0.0066822284,0.0066823832,]
]
1.5000000000
[[0.0065660924,0.0065666255,]
[0.0063595151,0.0063598777,]
]
1.6000000000
[[0.0062815924,0.0062822927,]
[0.0060765975,0.0060771257,]
]
1.7000000000
[[0.0060291892,0.0060300238,]
[0.0058262134,0.0058268747,]
]
1.8000000000
[[0.0058033895,0.0058043326,]
[0.0056026740,0.0056034432,]
]
1.9000000000
[[0.0056000576,0.0056010891,]
[0.0054016945,0.0054025518,]
]
2.0000000000
[[0.0054157013,0.0054168050,]
[0.0052198318,0.0052207612,]
]
2.1000000000
[[0.0052476601,0.0052488230,]
[0.0050542713,0.0050552602,]
]
2.2000000000
[[0.0050936709,0.0050948824,]
[0.0049028217,0.0049038596,]
]
2.3000000000
[[0.0049519661,0.0049532176,]
[0.0047636391,0.0047647176,]
]
2.4000000000
[[0.0048209860,0.0048222703,]
[0.0046351492,0.0046362612,]
]
2.5000000000
[[0.0046995127,0.0047008240,]
[0.0045160772,0.0045172170,]
]
2.6000000000
[[0.0045864306,0.0045877638,]
[0.0044053485,0.0044065111,]
]
2.7000000000
[[0.0044808318,0.0044821829,]
[0.0043020922,0.0043032735,]
]
2.8000000000
[[0.0043819387,0.0043833040,]
[0.0042054832,0.0042066798,]
]
2.9000000000
[[0.0042891224,0.0042904990,]
[0.0041148898,0.0041160988,]
]
3.0000000000
[[0.0042017585,0.0042031439,]
[0.0040296883,0.0040309072,]
]
3.1000000000
[[0.0041193405,0.0041207325,]
[0.0039493342,0.0039505608,]
]
3.2000000000
[[0.0040414249,0.0040428217,]
[0.0038734624,0.0038746949,]
]
3.3000000000
[[0.0039676216,0.0039690216,]
[0.0038016444,0.0038028813,]
]
3.4000000000
[[0.0038976230,0.0038990248,]
[0.0037335729,0.0037348128,]
]
3.5000000000
[[0.0038310842,0.0038324867,]
[0.0036688704,0.0036701121,]
]
3.6000000000
[[0.0037676963,0.0037690986,]
[0.0036073375,0.0036085801,]
]
3.7000000000
[[0.0037072889,0.0037086900,]
[0.0035486964,0.0035499390,]
]
3.8000000000
[[0.0036496065,0.0036510056,]
[0.0034926964,0.0034939382,]
]
3.9000000000
[[0.0035944524,0.0035958489,]
[0.0034392107,0.0034404510,]
]
4.0000000000
[[0.0035416492,0.0035430425,]
[0.0033880293,0.0033892676,]
]
4.1000000000
[[0.0034910361,0.0034924259,]
[0.0033389932,0.0033402290,]
]
4.2000000000
[[0.0034425004,0.0034438861,]
[0.0032919899,0.0032932228,]
]
4.3000000000
[[0.0033958431,0.0033972244,]
[0.0032468248,0.0032480544,]
]
4.4000000000
[[0.0033510085,0.0033523852,]
[0.0032034106,0.0032046366,]
]
4.5000000000
[[0.0033078218,0.0033091935,]
[0.0031616383,0.0031628603,]
]
4.6000000000
[[0.0032662451,0.0032676117,]
[0.0031214377,0.0031226556,]
]
4.7000000000
[[0.0032261228,0.0032274840,]
[0.0030826573,0.0030838708,]
]
4.8000000000
[[0.0031874312,0.0031887868,]
[0.0030452720,-0.0000 -1
]
]
4.9000
[[0.0031500603,0.0031514103,]
[0.0030091747,-0.0003 -1
]
]
5.0000
[[0.0031139078,0.0031152519,]
[0.0029742653,-0.0005 -1
]
]
5.1000
[[0.0030789659,-0.0001 -1
]
[0.0029405347,-0.0007 -1
]
]
5.2000
[[0.0030451422,-0.0003 -1
]
[0.0029078932,-0.0009 -1
]
]
