0.3
[[2962.5079,2966.2184,]
[2903.7585,2907.3960,]
]
0.4000
[[3855.1607,3858.8914,]
[3820.7076,3824.4302,]
]
0.5000
[[4735.0199,4738.5220,]
[4733.4173,4736.9705,]
]
0.6000
[[5575.5829,5578.7219,]
[5611.6277,5614.8666,]
]
0.7000
[[6370.3731,6373.0796,]
[6446.0976,6448.9430,]
]
0.8000
[[7120.2473,7122.4891,]
[7236.2197,7238.6306,]
]
0.9000
[[7828.6308,7830.3963,]
[7984.4459,7986.4042,]
]
1.0000
[[8499.8201,8501.1102,]
[8694.5014,8696.0025,]
]
1.1000
[[9137.7192,9138.5412,]
[9370.1289,9371.1758,]
]
1.2000
[[9745.9608,9746.3258,]
[10014.8659,10015.4665,]
]
1.3000
[[10327.6604,10327.5810,]
[10631.8096,10631.9740,]
]
1.4000
[[10885.6273,10885.1171,]
[11223.8008,11223.5407,]
]
1.5000
[[11422.3188,11421.3915,]
[11793.3520,11792.6795,]
]
1.6000
[[11939.6477,11938.3167,]
[12342.4333,12341.3606,]
]
1.7000
[[12439.4836,12437.7619,]
[12872.8550,12871.3939,]
]
1.8000
[[12923.4820,12921.3821,]
[13386.4652,13384.6275,]
]
1.9000
[[13392.7195,13390.2530,]
[13884.5319,13882.3288,]
]
2.0000
[[13848.6220,13845.8002,]
[14368.2791,14365.7212,]
]
2.1000
[[14292.0842,14288.9177,]
[14838.9343,14836.0317,]
]
2.2000
[[14724.1552,14720.6538,]
[15297.3135,15294.0758,]
]
2.3000
[[15145.4995,15141.6727,]
[15744.2658,15740.7021,]
]
2.4000
[[15556.9837,15552.8402,]
[16180.7090,16176.8279,]
]
2.5000
[[15959.1016,15954.6498,]
[16607.3334,16603.1432,]
]
2.6000
[[16352.5858,16347.8336,]
[17024.7597,17020.2680,]
]
2.7000
[[16737.9635,16732.9184,]
[17433.3780,17428.5922,]
]
2.8000
[[17115.7117,17110.3807,]
[17833.8602,17828.7873,]
]
2.9000
[[17486.0944,17480.4840,]
[18226.4906,18221.1370,]
]
3.0000
[[17849.6694,17843.7860,]
[18611.8612,18606.2332,]
]
3.1000
[[18206.7979,18200.6475,]
[18990.5428,18984.6464,]
]
3.2000
[[18557.8109,18551.3992,]
[19362.5220,19356.3628,]
]
3.3000
[[18903.0124,18896.3447,]
[19728.3050,19721.8883,]
]
3.4000
[[19242.4975,19235.5789,]
[20087.9967,20081.3277,]
]
3.5000
[[19576.7038,19569.5393,]
[20442.2596,20435.3431,]
]
3.6000
[[19906.0629,19898.6571,]
[20790.9571,20783.7978,]
]
3.7000
[[20230.4168,20222.7743,]
[21134.5213,21127.1237,]
]
3.8000
[[20550.1608,20542.2856,]
[21473.3806,21465.7490,]
]
3.9000
[[20865.4871,20857.3835,]
[21807.3291,21799.4674,]
]
4.0000
[[21176.5753,21168.2471,]
[22136.7627,22128.6749,]
]
4.1000
[[21483.5932,21475.0441,]
[22461.8609,22453.5507,]
]
4.2000
[[21786.4899,21777.7234,]
[22782.5727,22774.0436,]
]
4.3000
[[22085.8264,22076.8460,]
[23099.4906,23090.7461,]
]
4.4000
[[22381.3216,22372.1306,]
[23412.5463,23403.5898,]
]
4.5000
[[22673.5310,22664.1325,]
[23721.8788,23712.7134,]
]
4.6000
[[22962.1467,22952.5438,]
[24027.3896,24018.0184,]
]
4.7000
[[23247.7200,23237.9157,]
[24329.6590,24320.0850,]
]
4.8000
[[23529.9196,23519.9167,]
[24628.3416,-0.0000 -1
]
]
4.9000
[[23809.0677,23798.8689,]
[24923.7773,-0.0003 -1
]
]
5.0000
[[24085.4916,24075.0995,]
[25216.3117,-0.0005 -1
]
]
5.1000
[[24358.8281,-0.0001 -1
]
[25505.5650,-0.0007 -1
]
]
5.2000
[[24629.3918,-0.0003 -1
]
[25791.8691,-0.0009 -1
]
]
