0.3
0.0777442927,0.0711818598,0.0656410660,0.0609005676,0.0567986549,0.0532144358,0.0500557224,0.0472509885,0.0447438885,0.0424894329,0.0404512645,0.0385996828,0.0369101874,0.0353623873,0.0339391744,0.0326260880,0.0314108220,0.0302828381,0.0292330591,0.0282536245,0.0273376928,0.0264792822,0.0256731390,0.0249146305,0.0241996558,0.0235245716,0.0228861301,0.0222814267,0.0217078560,0.0211630740,0.0206449664,0.0201516209,0.0196813037,0.0192324392,0.0188035923,0.0183934533,0.0180008240,0.0176246066,0.0172637932,0.0169174566,0.0165847428,0.0162648635,0.0159570900,0.0156607480,0.0153752121,0.0150999020,0.0148342778,0.0145778374,0.0143301124,0.0140906661,
0.0811291137,0.0740947154,0.0681828396,0.0631446486,0.0587997932,0.0550143660,0.0516868571,0.0487389149,0.0461090982,0.0437485479,0.0416179228,0.0396851899,0.0379240023,0.0363124916,0.0348323547,0.0334681561,0.0322067871,0.0310370433,0.0299492913,0.0289352024,0.0279875387,0.0270999808,0.0262669862,0.0254836733,0.0247457262,0.0240493148,0.0233910282,0.0227678192,0.0221769568,0.0216159863,0.0210826954,0.0205750847,0.0200913429,0.0196298252,0.0191890344,0.0187676049,0.0183642884,0.0179779418,0.0176075162,0.0172520472,0.0169106469,0.0165824964,0.0162668389,0.0159629744,0.0156702541,0.0153880760,0.0151158806,0.0148531474,0.0145993915,0.0143541604,
0.0844840067,0.0769791301,0.0706988182,0.0653659621,0.0607811983,0.0567974306,0.0533037552,0.0502149743,0.0474645561,0.0449997887,0.0427783683,0.0407659519,0.0389343681,0.0372602911,0.0357242413,0.0343098240,0.0330031422,0.0317923383,0.0306672331,0.0296190392,0.0286401309,0.0277238583,0.0268643960,0.0260566195,0.0252960025,0.0245785323,0.0239006387,0.0232591351,0.0226511678,0.0220741740,0.0215258456,0.0210040982,0.0205070447,0.0200329724,0.0195803237,0.0191476783,0.0187337390,0.0183373183,0.0179573271,0.0175927647,0.0172427102,0.0169063144,0.0165827933,0.0162714215,0.0159715274,0.0156824877,0.0154037237,0.0151346969,0.0148749059,0.0146238832,
0.0878138592,0.0798402109,0.0731940649,0.0675693807,0.0627474769,0.0585679365,0.0549104142,0.0516828596,0.0488136633,0.0462462809,0.0439354699,0.0418445999,0.0399436967,0.0382079959,0.0366168585,0.0351529459,0.0338015857,0.0325502780,0.0313883079,0.0303064378,0.0292966611,0.0283520039,0.0274663638,0.0266343777,0.0258513133,0.0251129788,0.0244156480,0.0237559976,0.0231310537,0.0225381475,0.0219748770,0.0214390744,0.0209287783,0.0204422097,0.0199777514,0.0195339296,0.0191093990,0.0187029286,0.0183133898,0.0179397464,0.0175810448,0.0172364063,0.0169050199,0.0165861355,0.0162790588,0.0159831459,0.0156977989,0.0154224617,0.0151566168,0.0148997817,
0.0911206276,0.0826798250,0.0756702423,0.0697563129,0.0646997695,0.0603267618,0.0565074657,0.0531429761,0.0501566197,0.0474880411,0.0450890804,0.0429208417,0.0409515672,0.0391550721,0.0375095730,0.0359968009,0.0346013195,0.0333099969,0.0321115911,0.0309964216,0.0299561076,0.0289833569,0.0280717946,0.0272158234,0.0264105085,0.0256514824,0.0249348656,0.0242572004,0.0236153950,0.0230066763,0.0224285502,0.0218787669,0.0213552921,0.0208562813,0.0203800589,0.0199250987,0.0194900079,0.0190735125,0.0186744454,0.0182917352,0.0179243962,0.0175715208,0.0172322712,0.0169058731,0.0165916099,0.0162888171,0.0159968779,0.0157152193,0.0154433073,0.0151806449,
0.0944019446,0.0854951374,0.0781241384,0.0719232456,0.0666343258,0.0620699724,0.0580908356,0.0545911459,0.0514891742,0.0487207684,0.0462348695,0.0439903334,0.0419536358,0.0400971860,0.0383980702,0.0368371003,0.0353980866,0.0340672741,0.0328329013,0.0316848517,0.0306143761,0.0296138688,0.0286766870,0.0277970031,0.0269696831,0.0261901867,0.0254544836,0.0247589841,0.0241004804,0.0234760971,0.0228832492,0.0223196064,0.0217830626,0.0212717094,0.0207838133,0.0203177965,0.0198722196,0.0194457666,0.0190372323,0.0186455105,0.0182695842,0.0179085171,0.0175614451,0.0172275700,0.0169061532,0.0165965102,0.0162980057,0.0160100492,0.0157320915,0.0154636205,
0.0976580631,0.0882862537,0.0805556835,0.0740699309,0.0685507292,0.0637969985,0.0596598184,0.0560265455,0.0528104009,0.0499434500,0.0473717505,0.0450519264,0.0429487018,0.0410330942,0.0392810710,0.0376725363,0.0361905562,0.0348207606,0.0335508757,0.0323703551,0.0312700863,0.0302421551,0.0292796546,0.0283765304,0.0275274524,0.0267277102,0.0259731251,0.0252599775,0.0245849454,0.0239450525,0.0233376247,0.0227602523,0.0222107586,0.0216871720,0.0211877024,0.0207107211,0.0202547428,0.0198184100,0.0194004801,0.0189998126,0.0186153598,0.0182461569,0.0178913142,0.0175500098,0.0172214835,0.0169050308,0.0165999982,0.0163057785,0.0160218066,0.0157475565,
0.1008980146,0.0910628460,0.0829747697,0.0762062369,0.0704586836,0.0655173009,0.0612235904,0.0574580473,0.0541288638,0.0511643444,0.0485076847,0.0461132959,0.0439441670,0.0419699380,0.0401654701,0.0385097698,0.0369851678,0.0355766866,0.0342715464,0.0330587764,0.0319289056,0.0308737151,0.0298860375,0.0289595943,0.0280888622,0.0272689625,0.0264955702,0.0257648373,0.0250733290,0.0244179697,0.0237959968,0.0232049226,0.0226425004,0.0221066961,0.0215956638,0.0211077243,0.0206413470,0.0201951335,0.0197678038,0.0193581839,0.0189651954,0.0185878454,0.0182252187,0.0178764701,0.0175408178,0.0172175378,0.0169059584,0.0166054555,0.0163154490,0.0160353983,
0.1041185439,0.0938211890,0.0853773443,0.0783278865,0.0723537630,0.0672263608,0.0627775816,0.0588810619,0.0554399774,0.0523788882,0.0496381442,0.0471699592,0.0449356014,0.0429033455,0.0410469574,0.0393445548,0.0377777413,0.0363309388,0.0349908672,0.0337461364,0.0325869213,0.0315047017,0.0304920533,0.0295424762,0.0286502560,0.0278103482,0.0270182832,0.0262700863,0.0255622112,0.0248914841,0.0242550555,0.0236503600,0.0230750821,0.0225271261,0.0220045907,0.0215057470,0.0210290195,0.0205729692,0.0201362796,0.0197177433,0.0193162515,0.0189307837,0.0185603994,0.0182042302,0.0178614733,0.0175313850,0.0172132756,0.0169065048,0.0166104770,0.0163246374,

0.4000000000
0.0754718387,0.0667535909,0.0598409678,0.0542256655,0.0495738039,0.0456570214,0.0423138420,0.0394268587,0.0369086594,0.0346928237,0.0327279779,0.0309737631,0.0293980328,0.0279748656,0.0266831277,0.0255054166,0.0244272719,0.0234365795,0.0225231137,0.0216781832,0.0208943540,0.0201652294,0.0194852756,0.0188496810,0.0182542418,0.0176952691,0.0171695124,0.0166740966,0.0162064687,0.0157643548,0.0153457220,0.0149487483,0.0145717950,0.0142133849,0.0138721826,0.0135469779,0.0132366714,0.0129402623,0.0126568375,0.0123855620,0.0121256710,0.0118764627,0.0116372916,0.0114075634,0.0111867295,0.0109742833,0.0107697558,0.0105727124,0.0103827497,0.0101994927,
0.0781603933,0.0688982854,0.0615987532,0.0556977695,0.0508285412,0.0467422272,0.0432640533,0.0402676634,0.0376594389,0.0353685413,0.0333403805,0.0315322089,0.0299100754,0.0284466733,0.0271197907,0.0259111753,0.0248056896,0.0237906740,0.0228554591,0.0219909901,0.0211895320,0.0204444377,0.0197499635,0.0191011202,0.0184935536,0.0179234463,0.0173874377,0.0168825573,0.0164061700,0.0159559301,0.0155297422,0.0151257293,0.0147422045,0.0143776479,0.0140306863,0.0137000758,0.0133846873,0.0130834931,0.0127955560,0.0125200197,0.0122560999,0.0120030771,0.0117602902,0.0115271303,0.0113030359,0.0110874884,0.0108800080,0.0106801501,0.0104875023,0.0103016812,
0.0808193632,0.0710219859,0.0633431709,0.0571627955,0.0520812432,0.0478293943,0.0442193785,0.0411160641,0.0384197664,0.0360553394,0.0339650635,0.0321038705,0.0304360574,0.0289329740,0.0275713634,0.0263321499,0.0251995395,0.0241603439,0.0232034638,0.0223194914,0.0215003999,0.0207392990,0.0200302409,0.0193680641,0.0187482678,0.0181669096,0.0176205213,0.0171060397,0.0166207493,0.0161622343,0.0157283381,0.0153171298,0.0149268754,0.0145560129,0.0142031320,0.0138669559,0.0135463258,0.0132401878,0.0129475810,0.0126676277,0.0123995246,0.0121425347,0.0118959812,0.0116592409,0.0114317395,0.0112129464,0.0110023710,0.0107995588,0.0106040885,0.0104155683,
0.0834456792,0.0731206329,0.0650693577,0.0586152614,0.0533259679,0.0489122498,0.0451733156,0.0419654095,0.0391829024,0.0367464381,0.0345952428,0.0326819869,0.0309692624,0.0294271120,0.0280312628,0.0267618385,0.0256024073,0.0245392670,0.0235609002,0.0226575563,0.0218209244,0.0210438777,0.0203202695,0.0196447706,0.0190127375,0.0184201057,0.0178633020,0.0173391729,0.0168449240,0.0163780712,0.0159363979,0.0155179206,0.0151208587,0.0147436094,0.0143847258,0.0140428986,0.0137169402,0.0134057705,0.0131084055,0.0128239465,0.0125515710,0.0122905252,0.0120401165,0.0117997078,0.0115687118,0.0113465863,0.0111328300,0.0109269786,0.0107286015,0.0105372990,
0.0860455015,0.0751998152,0.0667821910,0.0600593424,0.0545662515,0.0499937686,0.0461283553,0.0428177747,0.0399505672,0.0374432537,0.0352320748,0.0332674918,0.0315104321,0.0299296636,0.0284999218,0.0272005500,0.0260144941,0.0249275503,0.0239277936,0.0230051380,0.0221509958,0.0213580087,0.0206198359,0.0199309837,0.0192866690,0.0186827077,0.0181154238,0.0175815749,0.0170782896,0.0166030163,0.0161534795,0.0157276440,0.0153236835,0.0149399546,0.0145749745,0.0142274019,0.0138960205,0.0135797246,0.0132775072,0.0129884485,0.0127117077,0.0124465137,0.0121921586,0.0119479912,0.0117134116,0.0114878657,0.0112708417,0.0110618655,0.0108604976,0.0106663300,
0.0886209264,0.0772610146,0.0684825494,0.0614953887,0.0558020030,0.0510735000,0.0470837563,0.0436721862,0.0407216018,0.0381444807,0.0358741378,0.0338588725,0.0320579835,0.0304389914,0.0289756627,0.0276465769,0.0264340715,0.0253234521,0.0243023945,0.0233604850,0.0224888641,0.0216799470,0.0209272024,0.0202249755,0.0195683460,0.0189530124,0.0183751978,0.0178315722,0.0173191883,0.0168354283,0.0163779587,0.0159446931,0.0155337601,0.0151434764,0.0147723237,0.0144189289,0.0140820475,0.0137605484,0.0134534015,0.0131596668,0.0128784845,0.0126090669,0.0123506907,0.0121026909,0.0118644545,0.0116354163,0.0114150536,0.0112028826,0.0109984549,0.0108013542,
0.0911734556,0.0793051925,0.0701708837,0.0629234149,0.0570328803,0.0521508155,0.0480386637,0.0445276103,0.0414948329,0.0388488370,0.0365200664,0.0344546998,0.0326104394,0.0309535836,0.0294569489,0.0280983666,0.0268595775,0.0257254064,0.0246831377,0.0237220357,0.0228329747,0.0220081473,0.0212408349,0.0205252245,0.0198562609,0.0192295270,0.0186411464,0.0180877031,0.0175661749,0.0170738787,0.0166084236,0.0161676729,0.0157497105,0.0153528136,0.0149754289,0.0146161518,0.0142737098,0.0139469466,0.0136348096,0.0133363381,0.0130506541,0.0127769529,0.0125144961,0.0122626048,0.0120206535,0.0117880653,0.0115643069,0.0113488850,0.0111413421,0.0109412538,
0.0937041188,0.0813329079,0.0718473230,0.0643431917,0.0582583662,0.0532249717,0.0489921573,0.0453829909,0.0422691003,0.0395550835,0.0371685623,0.0350536322,0.0331664277,0.0314720473,0.0299423748,0.0285545069,0.0272895986,0.0261320025,0.0250686180,0.0240883937,0.0231819416,0.0223412354,0.0215593727,0.0208303842,0.0201490821,0.0195109353,0.0189119694,0.0183486835,0.0178179816,0.0173171159,0.0168436391,0.0163953644,0.0159703318,0.0155667794,0.0151831190,0.0148179151,0.0144698673,0.0141377944,0.0138206213,0.0135173670,0.0132271351,0.0129491044,0.0126825213,0.0124266932,0.0121809819,0.0119447990,0.0117176009,0.0114988843,0.0112881831,0.0110850646,
0.0962135723,0.0833444102,0.0735117567,0.0657543151,0.0594778257,0.0542951550,0.0499432876,0.0462372756,0.0430432750,0.0402620349,0.0378183999,0.0356544165,0.0337246774,0.0319931012,0.0304306549,0.0290137130,0.0277228543,0.0265419668,0.0254575718,0.0244583065,0.0235345249,0.0226779855,0.0218816041,0.0211392582,0.0204456285,0.0197960720,0.0191865174,0.0186133798,0.0180734905,0.0175640378,0.0170825185,0.0166266965,0.0161945681,0.0157843328,0.0153943678,0.0150232072,0.0146695226,0.0143321083,0.0140098667,0.0137017970,0.0134069844,0.0131245911,0.0128538486,0.0125940505,0.0123445462,0.0121047359,0.0118740653,0.0116520217,0.0114381301,0.0112319496,

0.5000000000
0.0713187153,0.0613766544,0.0538673682,0.0479952630,0.0432775576,0.0394043027,0.0361673933,0.0334219137,0.0310638462,0.0290165940,0.0272225041,0.0256373520,0.0242266471,0.0229630943,0.0218248104,0.0207940465,0.0198562556,0.0189994013,0.0182134392,0.0174899210,0.0168216892,0.0162026401,0.0156275366,0.0150918596,0.0145916892,0.0141236083,0.0136846247,0.0132721072,0.0128837322,0.0125174406,0.0121714010,0.0118439790,0.0115337114,0.0112392845,0.0109595154,0.0106933361,0.0104397799,0.0101979697,0.0099671076,0.0097464667,0.0095353828,0.0093332482,0.0091395056,0.0089536429,0.0087751891,0.0086037097,0.0084388037,0.0082801004,0.0081272561,0.0079799523,
0.0733057446,0.0628435484,0.0549947041,0.0488887448,0.0440031565,0.0400053141,0.0366734055,0.0338538332,0.0314368635,0.0293420120,0.0275089068,0.0258913758,0.0244535034,0.0231669324,0.0220089752,0.0209612643,0.0200087708,0.0191390786,0.0183418404,0.0176083641,0.0169312945,0.0163043657,0.0157222068,0.0151801874,0.0146742946,0.0142010330,0.0137573439,0.0133405397,0.0129482485,0.0125783696,0.0122290357,0.0118985813,0.0115855162,0.0112885029,0.0110063378,0.0107379345,0.0104823104,0.0102385738,0.0100059145,0.0097835941,0.0095709384,0.0093673305,0.0091722051,0.0089850430,0.0088053663,0.0086327348,0.0084667422,0.0083070126,0.0081531982,0.0080049763,
0.0752589519,0.0642909627,0.0561132102,0.0497810993,0.0447331719,0.0406147366,0.0371907107,0.0342991228,0.0318247405,0.0296833461,0.0278119602,0.0261625431,0.0246978138,0.0233883970,0.0222108338,0.0211461630,0.0201788927,0.0192962418,0.0184875715,0.0177439546,0.0170578450,0.0164228200,0.0158333792,0.0152847842,0.0147729316,0.0142942497,0.0138456153,0.0134242854,0.0130278407,0.0126541400,0.0123012804,0.0119675659,0.0116514795,0.0113516604,0.0110668842,0.0107960465,0.0105381485,0.0102922845,0.0100576313,0.0098334393,0.0096190242,0.0094137601,0.0092170734,0.0090284374,0.0088473678,0.0086734182,0.0085061769,0.0083452631,0.0081903243,0.0080410339,
0.0771865024,0.0657253786,0.0572278391,0.0506760107,0.0454702682,0.0412344221,0.0377205150,0.0347584741,0.0322277574,0.0300405465,0.0281313478,0.0264503225,0.0249588726,0.0236266411,0.0224294241,0.0213476871,0.0203654905,0.0194696991,0.0186493917,0.0178954129,0.0172000305,0.0165566692,0.0159597019,0.0154042851,0.0148862264,0.0144018795,0.0139480574,0.0135219626,0.0131211294,0.0127433760,0.0123867646,0.0120495689,0.0117302450,0.0114274090,0.0111398158,0.0108663430,0.0106059755,0.0103577933,0.0101209606,0.0098947162,0.0096783656,0.0094712737,0.0092728585,0.0090825861,0.0088999652,0.0087245433,0.0085559030,0.0083936585,0.0082374528,0.0080869548,
0.0790962841,0.0671531034,0.0583434992,0.0515772431,0.0462172961,0.0418664973,0.0382643702,0.0352329804,0.0326466399,0.0304140422,0.0284672588,0.0267547071,0.0252365127,0.0238813659,0.0226643394,0.0215653406,0.0205679940,0.0196588196,0.0188266197,0.0180620160,0.0173570940,0.0167051284,0.0161003679,0.0155378647,0.0150133394,0.0145230713,0.0140638106,0.0136327057,0.0132272445,0.0128452050,0.0124846148,0.0121437166,0.0118209405,0.0115148786,0.0112242655,0.0109479604,0.0106849319,0.0104342455,0.0101950526,0.0099665803,0.0097481238,0.0095390385,0.0093387341,0.0091466689,0.0089623446,0.0087853027,0.0086151198,0.0084514050,0.0082937963,0.0081419584,
0.0809869245,0.0685716658,0.0594569434,0.0524810298,0.0469701554,0.0425066595,0.0388178624,0.0357181806,0.0330769239,0.0307993971,0.0288153060,0.0270713734,0.0255264838,0.0241484003,0.0229114909,0.0217951193,0.0207824844,0.0198597689,0.0190155050,0.0182400955,0.0175254472,0.0168646874,0.0162519425,0.0156821622,0.0151509808,0.0146546045,0.0141897210,0.0137534254,0.0133431592,0.0129566606,0.0125919224,0.0122471571,0.0119207680,0.0116113239,0.0113175387,0.0110382532,0.0107724196,0.0105190891,0.0102773997,0.0100465671,0.0098258759,0.0096146720,0.0094123565,0.0092183800,0.0090322373,0.0088534631,0.0086816286,0.0085163372,0.0083572222,0.0082039439,
0.0828600388,0.0699816679,0.0605679971,0.0533866286,0.0477276965,0.0431534697,0.0393793492,0.0362122910,0.0335167301,0.0311946695,0.0291735101,0.0273983228,0.0258267816,0.0244257446,0.0231688913,0.0220350537,0.0210070139,0.0200706240,0.0192141512,0.0184277832,0.0177032511,0.0170335371,0.0164126467,0.0158354286,0.0152974316,0.0147947895,0.0143241282,0.0138824896,0.0134672694,0.0130761661,0.0127071378,0.0123583669,0.0120282298,0.0117152721,0.0114181869,0.0111357965,0.0108670369,0.0106109445,0.0103666444,0.0101333403,0.0099103062,0.0096968786,0.0094924500,0.0092964628,0.0091084049,0.0089278046,0.0087542269,0.0085872700,0.0084265621,0.0082717590,
0.0847166197,0.0713832533,0.0616761732,0.0542931039,0.0484886708,0.0438054632,0.0399472192,0.0367136034,0.0339642890,0.0315980548,0.0295400498,0.0277337311,0.0261355888,0.0247115955,0.0234347567,0.0222833826,0.0212398468,0.0202896767,0.0194208786,0.0186234288,0.0178888849,0.0172100859,0.0165809181,0.0159961303,0.0154511866,0.0149421491,0.0144655822,0.0140184751,0.0135981781,0.0132023498,0.0128289140,0.0124760227,0.0121420260,0.0118254460,0.0115249549,0.0112393566,0.0109675708,0.0107086191,0.0104616134,0.0102257457,0.0100002792,0.0097845408,0.0095779142,0.0093798340,0.0091897809,0.0090072764,0.0088318797,0.0086631834,0.0085008108,0.0083444129,
0.0865627692,0.0727814954,0.0627856683,0.0552039458,0.0492560061,0.0444651194,0.0405235912,0.0372239437,0.0344211866,0.0320109399,0.0299161459,0.0280786789,0.0264538670,0.0250068130,0.0237098590,0.0225408023,0.0214816132,0.0205174988,0.0196362079,0.0188275075,0.0180827835,0.0173947330,0.0167571239,0.0161646055,0.0156125581,0.0150969720,0.0146143506,0.0141616302,0.0137361157,0.0133354261,0.0129574505,0.0126003109,0.0122623305,0.0119420078,0.0116379944,0.0113490756,0.0110741543,0.0108122375,0.0105624237,0.0103238930,0.0100958978,0.0098777552,0.0096688401,0.0094685791,0.0092764453,0.0090919540,0.0089146579,0.0087441442,0.0085800310,0.0084219647,

0.6000000000
0.0668262040,0.0563094531,0.0486527442,0.0428290417,0.0382504832,0.0345563060,0.0315128407,0.0289620742,0.0267933230,0.0249267471,0.0233033056,0.0218783985,0.0206177055,0.0194943858,0.0184871459,0.0175788770,0.0167556747,0.0160061231,0.0153207612,0.0146916819,0.0141122259,0.0135767442,0.0130804141,0.0126190932,0.0121892035,0.0117876387,0.0114116886,0.0110589781,0.0107274170,0.0104151583,0.0101205642,0.0098421769,0.0095786949,0.0093289522,0.0090919016,0.0088665995,0.0086521935,0.0084479120,0.0082530543,0.0080669830,0.0078891170,0.0077189252,0.0075559214,0.0073996596,0.0072497301,0.0071057556,0.0069673882,0.0068343067,0.0067062137,0.0065828340,
0.0682058658,0.0572382022,0.0493091716,0.0433096237,0.0386116635,0.0348331760,0.0317282868,0.0291316121,0.0269278130,0.0250339974,0.0233890600,0.0219469657,0.0206723735,0.0195377018,0.0185211094,0.0176050760,0.0167753842,0.0160203761,0.0153304022,0.0146974067,0.0141146114,0.0135762723,0.0130774897,0.0126140581,0.0121823480,0.0117792101,0.0114018989,0.0110480094,0.0107154265,0.0104022822,0.0101069207,0.0098278690,0.0095638126,0.0093135742,0.0090760970,0.0088504291,0.0086357109,0.0084311644,0.0082360835,0.0080498261,0.0078718067,0.0077014906,0.0075383885,0.0073820514,0.0072320670,0.0070880559,0.0069496682,0.0068165808,0.0066884948,0.0065651337,
0.0695627840,0.0581617982,0.0499716925,0.0438034679,0.0389906780,0.0351307770,0.0319662615,0.0293247428,0.0270864642,0.0251656387,0.0234992025,0.0220397580,0.0207509942,0.0196046236,0.0185782825,0.0176540575,0.0168174306,0.0160565116,0.0153614687,0.0147241023,0.0141375191,0.0135958822,0.0130942164,0.0126282544,0.0121943157,0.0117892087,0.0114101524,0.0110547123,0.0107207479,0.0104063700,0.0101099046,0.0098298633,0.0095649179,0.0093138799,0.0090756822,0.0088493643,0.0086340590,0.0084289816,0.0082334203,0.0080467276,0.0078683138,0.0076976399,0.0075342132,0.0073775815,0.0072273298,0.0070830760,0.0069444679,0.0068111805,0.0066829133,0.0065593877,
0.0709022393,0.0590831090,0.0506413851,0.0443103721,0.0393864169,0.0354473572,0.0322245592,0.0295389418,0.0272665300,0.0253187731,0.0236307354,0.0221537165,0.0208504754,0.0196920473,0.0186555659,0.0177227381,0.0168787555,0.0161115024,0.0154109699,0.0147688178,0.0141780400,0.0136327085,0.0131277735,0.0126589067,0.0122223767,0.0118149498,0.0114338093,0.0110764909,0.0107408289,0.0104249123,0.0101270486,0.0098457334,0.0095796249,0.0093275224,0.0090883487,0.0088611339,0.0086450031,0.0084391645,0.0082429000,0.0080555569,0.0078765403,0.0077053072,0.0075413608,0.0073842456,0.0072335435,0.0070888695,0.0069498692,0.0068162152,0.0066876047,0.0065637578,
0.0722364581,0.0600116667,0.0513256703,0.0448361543,0.0398034810,0.0357865846,0.0325061244,0.0297765848,0.0274699341,0.0254949606,0.0237849239,0.0222898642,0.0209716404,0.0198006301,0.0187534771,0.0178115179,0.0169596596,0.0161855645,0.0154790494,0.0148316346,0.0142362021,0.0136867331,0.0131781030,0.0127059221,0.0122664079,0.0118562838,0.0114726972,0.0111131531,0.0107754598,0.0104576841,0.0101581144,0.0098752296,0.0096076735,0.0093542332,0.0091138202,0.0088854552,0.0086682548,0.0084614197,0.0082642252,0.0080760127,0.0078961822,0.0077241858,0.0075595227,0.0074017335,0.0072503967,0.0071051244,0.0069655593,0.0068313714,0.0067022560,0.0065779306,
0.0735556761,0.0609369465,0.0520138000,0.0453701392,0.0402314269,0.0361383280,0.0328011743,0.0300282491,0.0276876111,0.0256854825,0.0239533812,0.0224401302,0.0211067168,0.0199228808,0.0188647901,0.0179134206,0.0170534011,0.0162721774,0.0155593947,0.0149064366,0.0143060748,0.0137522002,0.0132396148,0.0127638674,0.0123211247,0.0119080673,0.0115218066,0.0111598167,0.0108198798,0.0105000403,0.0101985670,0.0099139221,0.0096447348,0.0093897793,0.0091479559,0.0089182757,0.0086998462,0.0084918606,0.0082935874,0.0081043618,0.0079235782,0.0077506841,0.0075851741,0.0074265850,0.0072744915,0.0071285026,0.0069882581,0.0068534253,0.0067236971,0.0065987888,
0.0748750073,0.0618715362,0.0527163397,0.0459213144,0.0406780051,0.0365093560,0.0331156871,0.0302992671,0.0279243588,0.0258946888,0.0241400777,0.0226081601,0.0212590698,0.0200619206,0.0189924123,0.0180311644,0.0171625308,0.0163737419,0.0156542724,0.0149953693,0.0143896935,0.0138310457,0.0133141534,0.0128345037,0.0123882116,0.0119719141,0.0115826859,0.0112179697,0.0108755207,0.0105533602,0.0102497369,0.0099630958,0.0096920507,0.0094353626,0.0091919201,0.0089607238,0.0087408723,0.0085315506,0.0083320199,0.0081416089,0.0079597063,0.0077857544,0.0076192430,0.0074597047,0.0073067104,0.0071598657,0.0070188071,0.0068831991,0.0067527319,0.0066271186,
0.0761815469,0.0628025735,0.0534208285,0.0464777611,0.0411318796,0.0368889098,0.0334394542,0.0305799453,0.0281709612,0.0261138045,0.0243366449,0.0227859599,0.0214210510,0.0202104203,0.0191293095,0.0181579889,0.0172805423,0.0164839883,0.0157576334,0.0150925895,0.0144814081,0.0139178004,0.0133964197,0.0129126919,0.0124626802,0.0120429783,0.0116506238,0.0112830281,0.0109379194,0.0106132954,0.0103073850,0.0100186152,0.0097455847,0.0094870408,0.0092418604,0.0090090335,0.0087876494,0.0085768847,0.0083759932,0.0081842971,0.0080011792,0.0078260762,0.0076584731,0.0074978984,0.0073439188,0.0071961364,0.0070541843,0.0069177243,0.0067864435,0.0066600527,
0.0774906906,0.0637431217,0.0541384563,0.0470491932,0.0416015935,0.0372845902,0.0337793067,0.0308764772,0.0284330768,0.0263480333,0.0245478965,0.0229780049,0.0215968399,0.0203722990,0.0192791700,0.0182973764,0.0174107331,0.0166060473,0.0158724571,0.0152009392,0.0145839349,0.0140150651,0.0134889086,0.0130008287,0.0125468366,0.0121234816,0.0117277638,0.0113570624,0.0110090778,0.0106817840,0.0103733889,0.0100823015,0.0098071046,0.0095465316,0.0092994469,0.0090648297,0.0088417596,0.0086294046,0.0084270107,0.0082338931,0.0080494284,0.0078730477,0.0077042311,0.0075425021,0.0073874237,0.0072385937,0.0070956422,0.0069582274,0.0068260339,0.0066987696,

0.7000000000
0.0625742104,0.0518739945,0.0442988696,0.0386542195,0.0342854938,0.0308040045,0.0279643864,0.0256041121,0.0236112546,0.0219062171,0.0204308462,0.0191416662,0.0180055233,0.0169966941,0.0160949141,0.0152840030,0.0145508848,0.0138848776,0.0132771695,0.0127204267,0.0122084958,0.0117361759,0.0112990408,0.0108933002,0.0105156892,0.0101633804,0.0098339134,0.0095251363,0.0092351596,0.0089623170,0.0087051335,0.0084622985,0.0082326439,0.0080151249,0.0078088045,0.0076128394,0.0074264692,0.0072490060,0.0070798262,0.0069183630,0.0067641003,0.0066165670,0.0064753320,0.0063400006,0.0062102100,0.0060856269,0.0059659441,0.0058508779,0.0057401663,0.0056335668,
0.0634674814,0.0523986698,0.0446173463,0.0388482861,0.0344002987,0.0308662280,0.0279906448,0.0256051941,0.0235944048,0.0218764367,0.0203916680,0.0190956343,0.0179544997,0.0169420604,0.0160377074,0.0152250091,0.0144907041,0.0138239713,0.0132158940,0.0126590579,0.0121472479,0.0116752150,0.0112384955,0.0108332696,0.0104562492,0.0101045883,0.0097758117,0.0094677559,0.0091785220,0.0089064360,0.0086500169,0.0084079494,0.0081790614,0.0079623051,0.0077567408,0.0075615236,0.0073758914,0.0071991552,0.0070306905,0.0068699298,0.0067163566,0.0065694993,0.0064289269,0.0062942443,0.0061650889,0.0060411274,0.0059220526,0.0058075812,0.0056974513,0.0055914205,
0.0643516698,0.0529324936,0.0449552108,0.0390674790,0.0345433734,0.0309583266,0.0280474521,0.0256369254,0.0236079498,0.0218765783,0.0203818073,0.0190782396,0.0179313940,0.0169146101,0.0160069502,0.0151917416,0.0144555436,0.0137874006,0.0131782929,0.0126207271,0.0121084267,0.0116360945,0.0111992288,0.0107939794,0.0104170342,0.0100655278,0.0097369691,0.0094291820,0.0091402571,0.0088685120,0.0086124586,0.0083707759,0.0081422872,0.0079259408,0.0077207937,0.0075259983,0.0073407904,0.0071644791,0.0069964385,0.0068360999,0.0066829457,0.0065365036,0.0063963418,0.0062620647,0.0061333094,0.0060097422,0.0058910556,0.0057769662,0.0056672118,0.0055615500,
0.0652285007,0.0534745338,0.0453098448,0.0393081340,0.0347104162,0.0310756228,0.0281299233,0.0256943242,0.0236468841,0.0219016607,0.0203963390,0.0190846341,0.0179314484,0.0169096836,0.0159980852,0.0151797474,0.0144410552,0.0137709207,0.0131602230,0.0126013903,0.0120880847,0.0116149604,0.0111774770,0.0107717534,0.0103944523,0.0100426881,0.0097139530,0.0094060573,0.0091170802,0.0088453300,0.0085893108,0.0083476952,0.0081193009,0.0079030716,0.0076980605,0.0075034168,0.0073183733,0.0071422370,0.0069743799,0.0068142315,0.0066612728,0.0065150302,0.0063750710,0.0062409987,0.0061124495,0.0059890890,0.0058706093,0.0057567263,0.0056471776,0.0055417204,
0.0661053812,0.0540293594,0.0456839001,0.0395716077,0.0349018969,0.0312179705,0.0282374793,0.0257765043,0.0237101028,0.0219504232,0.0204338923,0.0191133704,0.0179531633,0.0169257478,0.0160095600,0.0151874651,0.0144456761,0.0137729739,0.0131601363,0.0125995127,0.0120847027,0.0116103110,0.0111717575,0.0107651288,0.0103870615,0.0100346483,0.0097053638,0.0093970035,0.0091076344,0.0088355544,0.0085792590,0.0083374133,0.0081088288,0.0078924439,0.0076873074,0.0074925643,0.0073074444,0.0071312514,0.0069633550,0.0068031825,0.0066502130,0.0065039712,0.0063640229,0.0062299704,0.0061014488,0.0059781226,0.0058596832,0.0057458457,0.0056363470,0.0055309437,
0.0669849303,0.0545975272,0.0460766542,0.0398563869,0.0351158137,0.0313830687,0.0283676416,0.0258808889,0.0237949827,0.0220202316,0.0204918453,0.0191618540,0.0179939827,0.0169602915,0.0160389123,0.0152124839,0.0144670481,0.0137912548,0.0131757800,0.0126128929,0.0120961300,0.0116200451,0.0111800169,0.0107720988,0.0103928998,0.0100394900,0.0097093251,0.0094001848,0.0091101228,0.0088374259,0.0085805800,0.0083382421,0.0081092168,0.0078924363,0.0076869442,0.0074918813,0.0073064731,0.0071300202,0.0069618891,0.0068015047,0.0066483435,0.0065019284,0.0063618233,0.0062276289,0.0060989788,0.0059755365,0.0058569919,0.0057430592,0.0056334746,0.0055279936,
0.0678688201,0.0551790233,0.0464870842,0.0401608463,0.0353501837,0.0315687273,0.0285181071,0.0260051218,0.0238991538,0.0221087268,0.0205678663,0.0192277916,0.0180516575,0.0170111140,0.0160839919,0.0152527047,0.0145031234,0.0138237661,0.0132052059,0.0126396313,0.0121205136,0.0116423548,0.0112004911,0.0107909413,0.0104102856,0.0100555705,0.0097242316,0.0094140320,0.0091230110,0.0088494435,0.0085918050,0.0083487437,0.0081190563,0.0079016688,0.0076956187,0.0075000418,0.0073141593,0.0071372679,0.0069687306,0.0068079693,0.0066544579,0.0065077168,0.0063673078,0.0062328297,0.0061039146,0.0059802241,0.0058614470,0.0057472962,0.0056375067,0.0055318331,
0.0687533053,0.0557693056,0.0469103317,0.0404800599,0.0356001416,0.0317702063,0.0286842920,0.0261447878,0.0240183712,0.0222118312,0.0206580383,0.0193074189,0.0181225682,0.0170747322,0.0161414436,0.0153048927,0.0145507801,0.0138674919,0.0132454983,0.0126769057,0.0121551200,0.0116745899,0.0112306087,0.0108191592,0.0104367924,0.0100805299,0.0097477868,0.0094363085,0.0091441196,0.0088694821,0.0086108606,0.0083668940,0.0081363707,0.0079182096,0.0077114421,0.0075151984,0.0073286950,0.0071512243,0.0069821455,0.0068208773,0.0066668906,0.0065197031,0.0063788743,0.0062440008,0.0061147127,0.0059906700,0.0058715599,0.0057570939,0.0056470056,0.0055410485,
0.0696480656,0.0563758192,0.0473522911,0.0408188202,0.0358696729,0.0319908838,0.0288691054,0.0263024259,0.0241548766,0.0223315432,0.0207641586,0.0194023643,0.0182081998,0.0171525080,0.0162125233,0.0153702114,0.0146111004,0.0139234430,0.0132976041,0.0127256063,0.0122007881,0.0117175435,0.0112711209,0.0108574661,0.0104730990,0.0101150155,0.0097806088,0.0094676058,0.0091740152,0.0088980854,0.0086382695,0.0083931958,0.0081616444,0.0079425260,0.0077348655,0.0075377870,0.0073505018,0.0071722977,0.0070025297,0.0068406127,0.0066860144,0.0065382495,0.0063968747,0.0062614844,0.0061317064,0.0060071988,0.0058876469,0.0057727607,0.0056622723,0.0055559338,

0.8000000000
0.0587454204,0.0480829374,0.0406964082,0.0352771167,0.0311315225,0.0278578090,0.0252070937,0.0230169902,0.0211770358,0.0196094747,0.0182579867,0.0170807769,0.0160461768,0.0151297522,0.0143123494,0.0135787419,0.0129166724,0.0123161636,0.0117690106,0.0112684049,0.0108086492,0.0103849391,0.0099931957,0.0096299329,0.0092921536,0.0089772672,0.0086830227,0.0084074546,0.0081488397,0.0079056600,0.0076765738,0.0074603904,0.0072560496,0.0070626042,0.0068792054,0.0067050904,0.0065395716,0.0063820278,0.0062318961,0.0060886656,0.0059518710,0.0058210880,0.0056959290,0.0055760388,0.0054610916,0.0053507878,0.0052448516,0.0051430287,0.0050450840,0.0049508002,
0.0592585354,0.0483072249,0.0407722786,0.0352707567,0.0310773937,0.0277751842,0.0251073385,0.0229070809,0.0210613865,0.0194909411,0.0181384452,0.0169614717,0.0159279346,0.0150131191,0.0141976803,0.0134662592,0.0128065072,0.0122083822,0.0116636349,0.0111654251,0.0107080336,0.0102866415,0.0098971596,0.0095360955,0.0092004486,0.0088876262,0.0085953767,0.0083217352,0.0080649794,0.0078235931,0.0075962364,0.0073817207,0.0071789879,0.0069870933,0.0068051903,0.0066325183,0.0064683921,0.0063121926,0.0061633591,0.0060213825,0.0058857996,0.0057561881,0.0056321620,0.0055133678,0.0053994813,0.0052902046,0.0051852633,0.0050844045,0.0049873944,0.0048940169,
0.0597695006,0.0485473284,0.0408730976,0.0352939285,0.0310549364,0.0277250121,0.0250400458,0.0228292031,0.0209770882,0.0194029431,0.0180485582,0.0168709165,0.0158375405,0.0149234505,0.0141091192,0.0133790610,0.0127208376,0.0121243438,0.0115812849,0.0110847885,0.0106291122,0.0102094208,0.0098216136,0.0094621901,0.0091281442,0.0088168799,0.0085261434,0.0082539689,0.0079986337,0.0077586220,0.0075325946,0.0073193638,0.0071178729,0.0069271782,0.0067464347,0.0065748833,0.0064118401,0.0062566875,0.0061088662,0.0059678685,0.0058332327,0.0057045377,0.0055813988,0.0054634637,0.0053504094,0.0052419391,0.0051377794,0.0050376786,0.0049414037,0.0048487397,
0.0602900805,0.0488108712,0.0410037687,0.0353497227,0.0310660039,0.0277082832,0.0250055927,0.0227832903,0.0209237503,0.0193448509,0.0179875186,0.0168081724,0.0157739577,0.0148596373,0.0140455047,0.0133159481,0.0126584390,0.0120628069,0.0115207097,0.0110252403,0.0105706308,0.0101520269,0.0097653141,0.0094069818,0.0090740161,0.0087638157,0.0084741230,0.0082029694,0.0079486304,0.0077095890,0.0074845054,0.0072721917,0.0070715912,0.0068817606,0.0067018552,0.0065311165,0.0063688613,0.0062144725,0.0060673918,0.0059271121,0.0057931725,0.0056651525,0.0055426683,0.0054253684,0.0053129305,0.0052050583,0.0051014794,0.0050019425,0.0049062154,0.0048140835,
0.0608200382,0.0490953214,0.0411605129,0.0354337017,0.0311058343,0.0277201046,0.0249990687,0.0227644822,0.0208966020,0.0193120058,0.0179507914,0.0167688334,0.0157329104,0.0148175323,0.0140028153,0.0132730206,0.0126155281,0.0120201003,0.0114783453,0.0109833188,0.0105292250,0.0101111886,0.0097250787,0.0093673725,0.0090350469,0.0087254932,0.0084364484,0.0081659396,0.0079122392,0.0076738278,0.0074493638,0.0072376579,0.0070376527,0.0068484040,0.0066690670,0.0064988827,0.0063371680,0.0061833060,0.0060367382,0.0058969579,0.0057635043,0.0056359574,0.0055139335,0.0053970816,0.0052850795,0.0051776315,0.0050744654,0.0049753302,0.0048799943,0.0047882432,
0.0613612779,0.0494004313,0.0413418680,0.0355437146,0.0311718900,0.0277577300,0.0250176272,0.0227698980,0.0208927700,0.0193015677,0.0179355858,0.0167501678,0.0157117312,0.0147945352,0.0139785182,0.0132478131,0.0125897060,0.0119938897,0.0114519198,0.0109568125,0.0105027416,0.0100848082,0.0096988633,0.0093413698,0.0090092933,0.0087000163,0.0084112688,0.0081410721,0.0078876944,0.0076496125,0.0074254821,0.0072141116,0.0070144417,0.0068255268,0.0066465209,0.0064766643,0.0063152729,0.0061617294,0.0060154748,0.0058760023,0.0057428508,0.0056156000,0.0054938662,0.0053772983,0.0052655743,0.0051583983,0.0050554982,0.0049566232,0.0048615416,0.0047700391,
0.0619148052,0.0497254831,0.0415461825,0.0356776050,0.0312617481,0.0278186081,0.0250586694,0.0227969402,0.0209096872,0.0193110176,0.0179394409,0.0167497778,0.0157080880,0.0147883800,0.0139704129,0.0132381890,0.0125788979,0.0119821599,0.0114394756,0.0109438188,0.0104893305,0.0100710862,0.0096849164,0.0093272680,0.0089950936,0.0086857652,0.0083970042,0.0081268254,0.0078734909,0.0076354731,0.0074114238,0.0072001483,0.0070005845,0.0068117848,0.0066329013,0.0064631725,0.0063019135,0.0061485054,0.0060023888,0.0058630557,0.0057300446,0.0056029346,0.0054813417,0.0053649141,0.0052533297,0.0051462924,0.0050435298,0.0049447909,0.0048498438,0.0047584742,
0.0624809783,0.0500694577,0.0417717227,0.0358332723,0.0313731310,0.0279003898,0.0251198357,0.0228432740,0.0209450637,0.0193381215,0.0179601845,0.0167655556,0.0157199376,0.0147970871,0.0139765817,0.0132422904,0.0125813032,0.0119831652,0.0114393191,0.0109426939,0.0104873955,0.0100684712,0.0096817298,0.0093235996,0.0089910191,0.0086813482,0.0083922986,0.0081218769,0.0078683385,0.0076301502,0.0074059589,0.0071945661,0.0069949063,0.0068060289,0.0066270835,0.0064573068,0.0062960116,0.0061425780,0.0059964449,0.0058571032,0.0057240903,0.0055969847,0.0054754013,0.0053589878,0.0052474215,0.0051404058,0.0050376678,0.0049389560,0.0048440384,0.0047527002,
0.0630596932,0.0504311527,0.0420167424,0.0360087089,0.0315039190,0.0280009251,0.0251989908,0.0229068038,0.0209968573,0.0193808973,0.0179958972,0.0167956448,0.0157454856,0.0148189223,0.0139953481,0.0132584959,0.0125953531,0.0119953866,0.0114499788,0.0109520113,0.0104955525,0.0100756200,0.0096879982,0.0093290960,0.0089958358,0.0086855642,0.0083959820,0.0081250864,0.0078711253,0.0076325588,0.0074080284,0.0071963307,0.0069963961,0.0068072707,0.0066281010,0.0064581211,0.0062966415,0.0061430403,0.0059967545,0.0058572738,0.0057241340,0.0055969125,0.0054752231,0.0053587127,0.0052470575,0.0051399603,0.0050371476,0.0049383673,0.0048433867,0.0047519907,

0.9000000000
0.0553550725,0.0448508030,0.0376973012,0.0325118129,0.0285804076,0.0254972231,0.0230144776,0.0209723348,0.0192630658,0.0178114154,0.0165632231,0.0154785162,0.0145271495,0.0136859600,0.0129368558,0.0122655008,0.0116603878,0.0111121737,0.0106131935,0.0101570998,0.0097385915,0.0093532065,0.0089971620,0.0086672302,0.0083606402,0.0080749994,0.0078082316,0.0075585261,0.0073242968,0.0071041481,0.0068968474,0.0067013018,0.0065165391,0.0063416912,0.0061759810,0.0060187104,0.0058692506,0.0057270339,0.0055915462,0.0054623210,0.0053389338,0.0052209978,0.0051081596,0.0050000956,0.0048965092,0.0047971275,0.0047016999,0.0046099947,0.0045217986,0.0044369137,
0.0555725934,0.0448508613,0.0375971648,0.0323631040,0.0284082684,0.0253147551,0.0228288153,0.0207874613,0.0190812177,0.0176338258,0.0163905338,0.0153110141,0.0143649071,0.0135289202,0.0127848851,0.0121184215,0.0115179995,0.0109742661,0.0104795548,0.0100275220,0.0096128733,0.0092311552,0.0088785946,0.0085519736,0.0082485310,0.0079658842,0.0077019662,0.0074549751,0.0072233331,0.0070056525,0.0068007080,0.0066074136,0.0064248035,0.0062520156,0.0060882781,0.0059328982,0.0057852519,0.0056447758,0.0055109600,0.0053833417,0.0052615003,0.0051450521,0.0050336467,0.0049269636,0.0048247088,0.0047266120,0.0046324249,0.0045419181,0.0044548801,0.0043711152,
0.0558015783,0.0448782938,0.0375314317,0.0322516341,0.0282741239,0.0251699761,0.0226799944,0.0206383147,0.0189338660,0.0174894697,0.0162498289,0.0151742866,0.0142322815,0.0134003978,0.0126603918,0.0119978388,0.0114011837,0.0108610608,0.0103697990,0.0099210550,0.0095095381,0.0091308002,0.0087810750,0.0084571517,0.0081562764,0.0078760738,0.0076144841,0.0073697123,0.0071401870,0.0069245267,0.0067215120,0.0065300623,0.0063492167,0.0061781180,0.0060159988,0.0058621704,0.0057160126,0.0055769656,0.0054445229,0.0053182247,0.0051976533,0.0050824277,0.0049722001,0.0048666523,0.0047654924,0.0046684523,0.0045752854,0.0044857644,0.0043996793,0.0043168361,
0.0560493621,0.0449365438,0.0375012336,0.0321771276,0.0281768221,0.0250611811,0.0225659590,0.0205226198,0.0188186024,0.0173758638,0.0161385899,0.0150658069,0.0141267569,0.0132979003,0.0125609159,0.0119013310,0.0113075609,0.0107702230,0.0102816372,0.0098354566,0.0094263902,0.0090499920,0.0087024990,0.0083807047,0.0080818599,0.0078035941,0.0075438523,0.0073008446,0.0070730041,0.0068589539,0.0066574787,0.0064675021,0.0062880669,0.0061183195,0.0059574959,0.0058049104,0.0056599459,0.0055220453,0.0053907046,0.0052654666,0.0051459155,0.0050316727,0.0049223922,0.0048177577,0.0047174790,0.0046212896,0.0045289445,0.0044402176,0.0043549005,0.0042728002,
0.0563112863,0.0450192417,0.0374995044,0.0321323194,0.0281091465,0.0249813242,0.0224798925,0.0204338126,0.0187291212,0.0172869564,0.0160510094,0.0149800003,0.0140429779,0.0132162790,0.0124815028,0.0118241253,0.0112325289,0.0106973104,0.0102107773,0.0097665758,0.0093594113,0.0089848373,0.0086390912,0.0083189685,0.0080217224,0.0077449855,0.0074867057,0.0072450963,0.0070185937,0.0068058240,0.0066055750,0.0064167731,0.0062384641,0.0060697969,0.0059100099,0.0057584199,0.0056144119,0.0054774310,0.0053469750,0.0052225886,0.0051038578,0.0049904055,0.0048818873,0.0047779882,0.0046784194,0.0045829158,0.0044912333,0.0044031471,0.0043184497,0.0042369492,
0.0565956046,0.0451314912,0.0375294536,0.0321192274,0.0280723345,0.0249311148,0.0224221372,0.0203719749,0.0186653166,0.0172225046,0.0159867438,0.0149164487,0.0139804713,0.0131550201,0.0124216090,0.0117656569,0.0111755081,0.0106417337,0.0101566241,0.0097138143,0.0093080027,0.0089347385,0.0085902568,0.0082713522,0.0079752781,0.0076996675,0.0074424698,0.0072018994,0.0069763944,0.0067645826,0.0065652536,0.0063773354,0.0061998754,0.0060320243,0.0058730223,0.0057221874,0.0055789062,0.0054426251,0.0053128434,0.0051891069,0.0050710029,0.0049581554,0.0048502210,0.0047468858,0.0046478619,0.0045528850,0.0044617120,0.0043741188,0.0042898987,0.0042088605,
0.0568991043,0.0452689244,0.0375862856,0.0321329649,0.0280615670,0.0249058753,0.0223881891,0.0203327874,0.0186230531,0.0171785508,0.0159420047,0.0148715231,0.0139357580,0.0131107843,0.0123780257,0.0117228391,0.0111335257,0.0106006265,0.0101164108,0.0096744988,0.0092695788,0.0088971924,0.0085535702,0.0082355033,0.0079402432,0.0076654217,0.0074089876,0.0071691553,0.0069443631,0.0067332393,0.0065345739,0.0063472959,0.0061704534,0.0060031978,0.0058447702,0.0056944895,0.0055517432,0.0054159784,0.0052866952,0.0051634403,0.0050458016,0.0049334039,0.0048259044,0.0047229899,0.0046243732,0.0045297904,0.0044389992,0.0043517759,0.0042679143,0.0041872238,
0.0572215219,0.0454299797,0.0376678331,0.0321710939,0.0280743057,0.0249030567,0.0223755357,0.0203137988,0.0185999533,0.0171527970,0.0159145746,0.0148430852,0.0139067760,0.0130815832,0.0123488347,0.0116938200,0.0111047925,0.0105722591,0.0100884639,0.0096470090,0.0092425690,0.0088706760,0.0085275530,0.0082099859,0.0079152221,0.0076408905,0.0073849380,0.0071455773,0.0069212458,0.0067105711,0.0065123429,0.0063254899,0.0061490602,0.0059822054,0.0058241666,0.0056742630,0.0055318824,0.0053964721,0.0052675327,0.0051446110,0.0050272954,0.0049152110,0.0048080155,0.0047053958,0.0046070651,0.0045127600,0.0044222382,0.0043352766,0.0042516691,0.0041712255,
0.0575622095,0.0456129962,0.0377719912,0.0322313325,0.0281082227,0.0249203512,0.0223819234,0.0203128257,0.0185939109,0.0171432154,0.0159025032,0.0148292598,0.0138917220,0.0130656814,0.0123323645,0.0116769886,0.0110877547,0.0105551310,0.0100713332,0.0096299418,0.0092256153,0.0088538731,0.0085109288,0.0081935610,0.0078990112,0.0076249041,0.0073691827,0.0071300574,0.0069059632,0.0066955262,0.0064975347,0.0063109163,0.0061347186,0.0059680923,0.0058102783,0.0056605953,0.0055184309,0.0053832324,0.0052545000,0.0051317807,0.0050146629,0.0049027715,0.0047957644,0.0046933285,0.0045951771,0.0045010469,0.0044106957,0.0043239004,0.0042404552,0.0041601698,

1.0000000000
0.0523716965,0.0420872526,0.0351790073,0.0302188533,0.0264845908,0.0235717384,0.0212361273,0.0193216384,0.0177237948,0.0163700399,0.0152084116,0.0142007196,0.0133182665,0.0125390706,0.0118460102,0.0112255509,0.0106668523,0.0101611303,0.0097011908,0.0092810862,0.0088958561,0.0085413311,0.0082139807,0.0079107959,0.0076291960,0.0073669551,0.0071221433,0.0068930789,0.0066782899,0.0064764821,0.0062865131,0.0061073710,0.0059381558,0.0057780645,0.0056263787,0.0054824533,0.0053457076,0.0052156174,0.0050917084,0.0049735503,0.0048607517,0.0047529562,0.0046498380,0.0045510992,0.0044564667,0.0043656894,0.0042785365,0.0041947952,0.0041142691,0.0040367763,
0.0523590379,0.0419186443,0.0349496776,0.0299675741,0.0262286586,0.0233192266,0.0209908069,0.0190851581,0.0174967196,0.0161523739,0.0149998714,0.0140008819,0.0131266488,0.0123551757,0.0116693503,0.0110556599,0.0105032924,0.0100034937,0.0095491002,0.0091341933,0.0087538403,0.0084038973,0.0080808574,0.0077817331,0.0075039633,0.0072453401,0.0070039498,0.0067781255,0.0065664086,0.0063675172,0.0061803201,0.0060038154,0.0058371124,0.0056794168,0.0055300176,0.0053882769,0.0052536207,0.0051255306,0.0050035378,0.0048872172,0.0047761820,0.0046700801,0.0045685898,0.0044714169,0.0043782916,0.0042889661,0.0042032126,0.0041208210,0.0040415973,0.0039653624,
0.0523670285,0.0417844974,0.0347600520,0.0297574833,0.0260136693,0.0231066077,0.0207839715,0.0188856216,0.0173050287,0.0159685721,0.0148237436,0.0138320854,0.0129647853,0.0121998308,0.0115201154,0.0109121438,0.0103651264,0.0098703341,0.0094206286,0.0090101158,0.0086338861,0.0082878169,0.0079684214,0.0076727300,0.0073981984,0.0071426337,0.0069041361,0.0066810510,0.0064719312,0.0062755051,0.0060906511,0.0059163758,0.0057517963,0.0055961254,0.0054486589,0.0053087648,0.0051758743,0.0050494746,0.0049291012,0.0048143333,0.0047047883,0.0046001175,0.0045000027,0.0044041529,0.0043123010,0.0042242022,0.0041396309,0.0040583795,0.0039802563,0.0039050840,
0.0524017095,0.0416870255,0.0346102063,0.0295874241,0.0258377399,0.0229315681,0.0206130571,0.0187203264,0.0171459520,0.0158158438,0.0146772469,0.0136915779,0.0128299654,0.0120703754,0.0113957001,0.0107924544,0.0102498649,0.0097592211,0.0093134041,0.0089065390,0.0085337346,0.0081908855,0.0078745208,0.0075816858,0.0073098497,0.0070568318,0.0068207435,0.0065999406,0.0063929852,0.0061986143,0.0060157138,0.0058432976,0.0056804892,0.0055265074,0.0053806532,0.0052422998,0.0051108830,0.0049858940,0.0048668723,0.0047534007,0.0046450997,0.0045416238,0.0044426576,0.0043479125,0.0042571241,0.0041700497,0.0040864659,0.0040061670,0.0039289629,0.0038546783,
0.0524646783,0.0416251622,0.0344977258,0.0294542953,0.0256974326,0.0227905263,0.0204744468,0.0185856830,0.0170159636,0.0156907463,0.0145570326,0.0135761092,0.0127190387,0.0119637572,0.0112931479,0.0106937281,0.0101547333,0.0096674651,0.0092248182,0.0088209318,0.0084509283,0.0081107156,0.0077968350,0.0075063433,0.0072367202,0.0069857948,0.0067516875,0.0065327621,0.0063275882,0.0061349097,0.0059536188,0.0057827348,0.0056213868,0.0054687981,0.0053242743,0.0051871926,0.0050569924,0.0049331683,0.0048152631,0.0047028623,0.0045955893,0.0044931010,0.0043950843,0.0043012527,0.0042113438,0.0041251167,0.0040423497,0.0039628387,0.0038863952,0.0038128452,
0.0525494718,0.0415915295,0.0344150827,0.0293507345,0.0255856768,0.0226767459,0.0203617434,0.0184756214,0.0169093015,0.0155878039,0.0144578894,0.0134807118,0.0126272624,0.0118754410,0.0112081149,0.0106117977,0.0100757282,0.0095912147,0.0091511611,0.0087497162,0.0083820125,0.0080439676,0.0077321323,0.0074435721,0.0071757749,0.0069265776,0.0066941075,0.0064767350,0.0062730357,0.0060817587,0.0059018014,0.0057321877,0.0055720509,0.0054206182,0.0052771988,0.0051411729,0.0050119833,0.0048891272,0.0047721500,0.0046606396,0.0045542215,0.0044525547,0.0043553280,0.0042622566,0.0041730797,0.0040875580,0.0040054712,0.0039266165,0.0038508066,0.0037778685,
0.0526626492,0.0415900258,0.0343646595,0.0292782054,0.0255033500,0.0225907163,0.0202751716,0.0183901810,0.0168258731,0.0155068292,0.0143795610,0.0134050793,0.0125542934,0.0118050568,0.0111402122,0.0105462612,0.0100124385,0.0095300534,0.0090920132,0.0086924716,0.0083265670,0.0079902231,0.0076799968,0.0073929597,0.0071266055,0.0068787762,0.0066476044,0.0064314651,0.0062289382,0.0060387771,0.0058598828,0.0056912828,0.0055321132,0.0053816046,0.0052390686,0.0051038882,0.0049755082,0.0048534282,0.0047371954,0.0046263997,0.0045206682,0.0044196614,0.0043230697,0.0042306097,0.0041420219,0.0040570680,0.0039755289,0.0038972028,0.0038219034,0.0037494587,
0.0527999310,0.0416157495,0.0343414735,0.0292318555,0.0254458103,0.0225280297,0.0202105571,0.0183254105,0.0167619353,0.0154442712,0.0143186732,0.0133459998,0.0124970688,0.0117496788,0.0110866398,0.0104944347,0.0099622882,0.0094815047,0.0090449904,0.0086469000,0.0082823741,0.0079473395,0.0076383563,0.0073524998,0.0070872672,0.0068405042,0.0066103465,0.0063951726,0.0061935653,0.0060042809,0.0058262230,0.0056584216,0.0055000154,0.0053502367,0.0052083994,0.0050738883,0.0049461499,0.0048246854,0.0047090436,0.0045988156,0.0044936300,0.0043931484,0.0042970623,0.0042050894,0.0041169711,0.0040324700,0.0039513680,0.0038734639,0.0037985723,0.0037265218,
0.0529640009,0.0416698203,0.0343458272,0.0292115341,0.0254126455,0.0224881204,0.0201672439,0.0182806025,0.0167167537,0.0153993841,0.0142744789,0.0133027315,0.0124548564,0.0117085872,0.0110466922,0.0104556280,0.0099246023,0.0094449094,0.0090094494,0.0086123736,0.0082488211,0.0079147186,0.0076066270,0.0073216225,0.0070572037,0.0068112181,0.0065818030,0.0063673386,0.0061664096,0.0059777738,0.0058003365,0.0056331292,0.0054752920,0.0053260588,0.0051847446,0.0050507355,0.0049234793,0.0048024780,0.0046872817,0.0045774823,0.0044727092,0.0043726251,0.0042769220,0.0041853185,0.0040975566,0.0040133997,0.0039326301,0.0038550474,0.0037804665,0.0037087166,

1.1000000000
0.0497402460,0.0397044301,0.0330384447,0.0282889987,0.0247334397,0.0219718625,0.0197650265,0.0179610347,0.0164588079,0.0151884729,0.0141001828,0.0131574224,0.0123328299,0.0116054985,0.0109591785,0.0103810492,0.0098608594,0.0093903149,0.0089626323,0.0085722104,0.0082143830,0.0078852320,0.0075814429,0.0073001933,0.0070390643,0.0067959714,0.0065691083,0.0063569023,0.0061579773,0.0059711243,0.0057952769,0.0056294904,0.0054729255,0.0053248336,0.0051845449,0.0050514587,0.0049250340,0.0048047830,0.0046902642,0.0045810772,0.0044768582,0.0043772757,0.0042820270,0.0041908352,0.0041034466,0.0040196280,0.0039391650,0.0038618602,0.0037875312,0.0037160093,
0.0495471928,0.0394076163,0.0327130583,0.0279627517,0.0244171106,0.0216694519,0.0194776328,0.0176884806,0.0162003673,0.0149432107,0.0138671156,0.0129355937,0.0121213437,0.0114035317,0.0107659826,0.0101959472,0.0096832406,0.0092196285,0.0087983815,0.0084139464,0.0080616996,0.0077377612,0.0074388503,0.0071621744,0.0069053415,0.0066662908,0.0064432373,0.0062346273,0.0060391018,0.0058554672,0.0056826708,0.0055197806,0.0053659685,0.0052204962,0.0050827032,0.0049519971,0.0048278449,0.0047097658,0.0045973247,0.0044901272,0.0043878150,0.0042900615,0.0041965686,0.0041070638,0.0040212972,0.0039390394,0.0038600794,0.0037842228,0.0037112901,0.0036411155,
0.0493860019,0.0391537063,0.0324337509,0.0276825854,0.0241455452,0.0214099658,0.0192311633,0.0174548558,0.0159789432,0.0147331657,0.0136675899,0.0127457537,0.0119404103,0.0112307902,0.0106007843,0.0100377059,0.0095314283,0.0090737692,0.0086580463,0.0082787480,0.0079312881,0.0076118192,0.0073170900,0.0070443338,0.0067911816,0.0065555934,0.0063358023,0.0061302712,0.0059376558,0.0057567757,0.0055865903,0.0054261781,0.0052747210,0.0051314892,0.0049958306,0.0048671599,0.0047449508,0.0046287284,0.0045180634,0.0044125664,0.0043118838,0.0042156932,0.0041237007,0.0040356373,0.0039512565,0.0038703320,0.0037926558,0.0037180361,0.0036462961,0.0035772720,
0.0492585351,0.0389413397,0.0321975632,0.0274447424,0.0239146048,0.0211891109,0.0190212964,0.0172558824,0.0157903414,0.0145542499,0.0134976349,0.0125840530,0.0117863020,0.0110836662,0.0104600919,0.0099029457,0.0094021497,0.0089495665,0.0085385535,0.0081636347,0.0078202557,0.0075045971,0.0072134325,0.0069440173,0.0066940024,0.0064613650,0.0062443544,0.0060414470,0.0058513114,0.0056727785,0.0055048176,0.0053465168,0.0051970660,0.0050557431,0.0049219027,0.0047949658,0.0046744117,0.0045597709,0.0044506187,0.0043465701,0.0042472753,0.0041524159,0.0040617011,0.0039748651,0.0038916644,0.0038118753,0.0037352923,0.0036617259,0.0035910012,0.0035229569,
0.0491621621,0.0387659672,0.0319991830,0.0272436706,0.0237187437,0.0210014655,0.0188427889,0.0170865178,0.0156297252,0.0144018286,0.0133528102,0.0124462357,0.0116549364,0.0109582401,0.0103401383,0.0097880419,0.0092919138,0.0088436540,0.0084366537,0.0080654669,0.0077255657,0.0074131548,0.0071250288,0.0068584619,0.0066111217,0.0063810005,0.0061663606,0.0059656906,0.0057776696,0.0056011383,0.0054350746,0.0052785744,0.0051308346,0.0049911397,0.0048588500,0.0047333919,0.0046142495,0.0045009576,0.0043930956,0.0042902823,0.0041921713,0.0040984472,0.0040088223,0.0039230333,0.0038408391,0.0037620185,0.0036863679,0.0036136998,0.0035438413,0.0034766326,
0.0490963913,0.0386252852,0.0318355177,0.0270759556,0.0235544524,0.0208435384,0.0186922247,0.0169434491,0.0154938972,0.0142728235,0.0132301553,0.0123294554,0.0115435766,0.0108518785,0.0102383881,0.0096905511,0.0091983638,0.0087537568,0.0083501486,0.0079821182,0.0076451600,0.0073354983,0.0070499454,0.0067857912,0.0065407172,0.0063127283,0.0061000980,0.0059013249,0.0057150971,0.0055402633,0.0053758089,0.0052208362,0.0050745482,0.0049362348,0.0048052611,0.0046810580,0.0045631138,0.0044509670,0.0043442004,0.0042424358,0.0041453299,0.0040525699,0.0039638704,0.0038789705,0.0037976311,0.0037196330,0.0036447744,0.0035728694,0.0035037466,0.0034372476,
0.0490635670,0.0385196656,0.0317059630,0.0269404887,0.0234203586,0.0207138243,0.0185680400,0.0168250964,0.0153812867,0.0141656885,0.0131281573,0.0122322370,0.0114507874,0.0107631873,0.0101534877,0.0096091601,0.0091202256,0.0086786380,0.0082778375,0.0079124228,0.0075779056,0.0072705262,0.0069871110,0.0067249626,0.0064817738,0.0062555597,0.0060446028,0.0058474100,0.0056626768,0.0054892584,0.0053261462,0.0051724479,0.0050273715,0.0048902113,0.0047603364,0.0046371816,0.0045202384,0.0044090483,0.0043031971,0.0042023092,0.0041060436,0.0040140897,0.0039261641,0.0038420078,0.0037613836,0.0036840736,0.0036098776,0.0035386112,0.0034701042,0.0034041993,
0.0490625407,0.0384468571,0.0316078521,0.0268344803,0.0233136820,0.0206096128,0.0184676207,0.0167289522,0.0152894944,0.0140781290,0.0130446218,0.0121524807,0.0113745578,0.0106902382,0.0100835864,0.0095420899,0.0090557871,0.0086166484,0.0082181299,0.0078548447,0.0075223181,0.0072168024,0.0069351348,0.0066746280,0.0064329837,0.0062082248,0.0059986411,0.0058027460,0.0056192409,0.0054469862,0.0052849782,0.0051323289,0.0049882502,0.0048520400,0.0047230708,0.0046007802,0.0044846625,0.0043742619,0.0042691662,0.0041690020,0.0040734303,0.0039821422,0.0038948561,0.0038113144,0.0037312812,0.0036545402,0.0035808921,0.0035101539,0.0034421562,0.0033767430,
0.0490848290,0.0383988525,0.0315338081,0.0267511665,0.0232282109,0.0205251778,0.0183856647,0.0166500853,0.0152139144,0.0140058269,0.0129754857,0.0120863511,0.0113112564,0.0106295839,0.0100254033,0.0094862114,0.0090020577,0.0085649243,0.0081682786,0.0078067445,0.0074758575,0.0071718792,0.0068916553,0.0066325061,0.0063921403,0.0061685872,0.0059601424,0.0057653244,0.0055828392,0.0054115518,0.0052504620,0.0050986855,0.0049554374,0.0048200185,0.0046918039,0.0045702338,0.0044548046,0.0043450624,0.0042405972,0.0041410372,0.0040460449,0.0039553130,0.0038685611,0.0037855329,0.0037059939,0.0036297285,0.0035565387,0.0034862422,0.0034186707,0.0033536688,

1.2000000000
0.0474108612,0.0376334685,0.0311993291,0.0266440368,0.0232494721,0.0206221249,0.0185283017,0.0168204713,0.0154009060,0.0142023013,0.0131767925,0.0122894084,0.0115140039,0.0108306408,0.0102238492,0.0096814420,0.0091936881,0.0087527233,0.0083521232,0.0079865880,0.0076517070,0.0073437792,0.0070596765,0.0067967367,0.0065526802,0.0063255433,0.0061136254,0.0059154465,0.0057297126,0.0055552869,0.0053911674,0.0052364668,0.0050903968,0.0049522548,0.0048214125,0.0046973061,0.0045794286,0.0044673224,0.0043605739,0.0042588079,0.0041616835,0.0040688904,0.0039801450,0.0038951881,0.0038137823,0.0037357095,0.0036607690,0.0035887761,0.0035195603,0.0034529638,
0.0470783149,0.0372406633,0.0308037934,0.0262641596,0.0228906987,0.0202851968,0.0182122166,0.0165236369,0.0151216087,0.0139388954,0.0129277698,0.0120534166,0.0112898426,0.0106172486,0.0100202884,0.0094868836,0.0090073975,0.0085740480,0.0081804817,0.0078214607,0.0074926279,0.0071903293,0.0069114779,0.0066534476,0.0064139902,0.0061911702,0.0059833119,0.0057889571,0.0056068316,0.0054358161,0.0052749242,0.0051232829,0.0049801165,0.0048447340,0.0047165173,0.0045949122,0.0044794202,0.0043695915,0.0042650196,0.0041653359,0.0040702055,0.0039793233,0.0038924110,0.0038092141,0.0037294993,0.0036530525,0.0035796767,0.0035091905,0.0034414266,0.0033762302,
0.0467847387,0.0368955371,0.0304575269,0.0259324908,0.0225780922,0.0199920914,0.0179375940,0.0162660093,0.0148794131,0.0137106486,0.0127121229,0.0118491661,0.0110959242,0.0104327244,0.0098443318,0.0093187652,0.0088464720,0.0084197430,0.0080322880,0.0076789236,0.0073553402,0.0070579251,0.0067836273,0.0065298525,0.0062943804,0.0060752998,0.0058709568,0.0056799126,0.0055009100,0.0053328452,0.0051747455,0.0050257500,0.0048850944,0.0047520975,0.0046261504,0.0045067070,0.0043932762,0.0042854151,0.0041827235,0.0040848382,0.0039914297,0.0039021976,0.0038168681,0.0037351904,0.0036569352,0.0035818918,0.0035098663,0.0034406803,0.0033741692,0.0033101807,
0.0465278842,0.0365933852,0.0301548162,0.0256429629,0.0223055415,0.0197368042,0.0176986079,0.0160419724,0.0146689233,0.0135123842,0.0125248870,0.0116718944,0.0109276779,0.0102726774,0.0096917575,0.0091730230,0.0087069962,0.0082860321,0.0079038961,0.0075554531,0.0072364350,0.0069432657,0.0066729258,0.0064228486,0.0061908383,0.0059750053,0.0057737146,0.0055855444,0.0054092523,0.0052437481,0.0050880709,0.0049413707,0.0048028928,0.0046719648,0.0045479856,0.0044304164,0.0043187725,0.0042126170,0.0041115550,0.0040152283,0.0039233119,0.0038355096,0.0037515512,0.0036711897,0.0035941989,0.0035203710,0.0034495150,0.0033814550,0.0033160288,0.0032530863,
0.0463102872,0.0363340212,0.0298941553,0.0253934104,0.0220705555,0.0195166979,0.0174925738,0.0158488510,0.0144875052,0.0133415273,0.0123635562,0.0115191690,0.0107827456,0.0101348237,0.0095603539,0.0090475156,0.0085868958,0.0081709053,0.0077933576,0.0074491591,0.0071340781,0.0068445698,0.0065776422,0.0063307526,0.0061017265,0.0058886926,0.0056900324,0.0055043388,0.0053303823,0.0051670843,0.0050134942,0.0048687714,0.0047321695,0.0046030236,0.0044807395,0.0043647845,0.0042546796,0.0041499929,0.0040503342,0.0039553497,0.0038647181,0.0037781468,0.0036953690,0.0036161408,0.0035402385,0.0034674570,0.0033976078,0.0033305172,0.0032660248,0.0032039827,
0.0461278059,0.0361121882,0.0296700112,0.0251783577,0.0218678498,0.0193267277,0.0173146980,0.0156820965,0.0143308425,0.0131939782,0.0122242312,0.0113872754,0.0106575832,0.0100157762,0.0094468786,0.0089391344,0.0084831861,0.0080714927,0.0076979091,0.0073573778,0.0070456983,0.0067593529,0.0064953733,0.0062512376,0.0060247893,0.0058141735,0.0056177858,0.0054342315,0.0052622926,0.0051009002,0.0049491130,0.0048060981,0.0046711165,0.0045435099,0.0044226898,0.0043081289,0.0041993532,0.0040959350,0.0039974883,0.0039036628,0.0038141408,0.0037286326,0.0036468744,0.0035686247,0.0034936624,0.0034217846,0.0033528047,0.0032865511,0.0032228651,0.0031616005,
0.0459819863,0.0359276467,0.0294813147,0.0249963372,0.0216957705,0.0191651638,0.0171632345,0.0155399799,0.0141972413,0.0130680877,0.0121053121,0.0112746647,0.0105506929,0.0099140869,0.0093499321,0.0088465263,0.0083945583,0.0079865275,0.0076163241,0.0072789207,0.0069701431,0.0066864967,0.0064250332,0.0061832483,0.0059590010,0.0057504500,0.0055560029,0.0053742759,0.0052040603,0.0050442960,0.0048940489,0.0047524934,0.0046188964,0.0044926050,0.0043730361,0.0042596667,0.0041520269,0.0040496931,0.0039522823,0.0038594476,0.0037708740,0.0036862747,0.0036053881,0.0035279750,0.0034538163,0.0033827112,0.0033144747,0.0032489367,0.0031859403,0.0031253404,
0.0458678881,0.0357751354,0.0293229292,0.0248424770,0.0215497434,0.0190277233,0.0170341719,0.0154187371,0.0140831612,0.0129605172,0.0120036426,0.0111783458,0.0104592330,0.0098270503,0.0092669332,0.0087672236,0.0083186492,0.0079137431,0.0075464246,0.0072116920,0.0069053933,0.0066240530,0.0063647402,0.0061249652,0.0059026001,0.0056958152,0.0055030284,0.0053228649,0.0051541242,0.0049957532,0.0048468247,0.0047065186,0.0045741071,0.0044489421,0.0043304447,0.0042180959,0.0041114292,0.0040100242,0.0039135009,0.0038215151,0.0037337543,0.0036499338,0.0035697941,0.0034930979,0.0034196281,0.0033491851,0.0032815857,0.0032166612,0.0031542559,0.0030942259,
0.0457868150,0.0356547000,0.0291943203,0.0247159625,0.0214288191,0.0189133980,0.0169264835,0.0153173460,0.0139875974,0.0128702860,0.0119182699,0.0110973947,0.0103823093,0.0097538014,0.0091970451,0.0087004170,0.0082546756,0.0078523810,0.0074874761,0.0071549798,0.0068507583,0.0065713520,0.0063138435,0.0060757558,0.0058549716,0.0056496707,0.0054582796,0.0052794309,0.0051119308,0.0049547325,0.0048069137,0.0046676595,0.0045362464,0.0044120303,0.0042944356,0.0041829468,0.0040771003,0.0039764783,0.0038807033,0.0037894334,0.0037023580,0.0036191944,0.0035396849,0.0034635937,0.0033907050,0.0033208209,0.0032537593,0.0031893527,0.0031274463,0.0030678974,

1.3000000000
0.0453382674,0.0358184831,0.0296027276,0.0252252648,0.0219756462,0.0194677354,0.0174736075,0.0158500481,0.0145025449,0.0133662072,0.0123950045,0.0115553786,0.0108222870,0.0101766633,0.0096037346,0.0090918775,0.0086318212,0.0082160809,0.0078385475,0.0074941857,0.0071788074,0.0068889014,0.0066215013,0.0063740845,0.0061444914,0.0059308631,0.0057315903,0.0055452730,0.0053706877,0.0052067599,0.0050525428,0.0049071983,0.0047699821,0.0046402309,0.0045173517,0.0044008126,0.0042901352,0.0041848882,0.0040846814,0.0039891613,0.0038980066,0.0038109247,0.0037276486,0.0036479341,0.0035715577,0.0034983138,0.0034280136,0.0033604832,0.0032955621,0.0032331018,
0.0448952044,0.0353516824,0.0291542641,0.0248056460,0.0215859146,0.0191059892,0.0171371642,0.0155361974,0.0142088005,0.0130903724,0.0121351678,0.0113098853,0.0105897058,0.0099557534,0.0093934168,0.0088912094,0.0084399766,0.0080323321,0.0076622512,0.0073247704,0.0070157639,0.0067317739,0.0064698805,0.0062276016,0.0060028130,0.0057936868,0.0055986411,0.0054163002,0.0052454620,0.0050850712,0.0049341980,0.0047920195,0.0046578053,0.0045309043,0.0044107348,0.0042967748,0.0041885553,0.0040856532,0.0039876859,0.0038943068,0.0038052009,0.0037200815,0.0036386869,0.0035607778,0.0034861350,0.0034145574,0.0033458599,0.0032798721,0.0032164369,0.0031554089,
0.0444944166,0.0349341421,0.0287555852,0.0244340976,0.0212418063,0.0187872679,0.0168412264,0.0152604982,0.0139510444,0.0128485518,0.0119075482,0.0110949734,0.0103862148,0.0097625715,0.0092095796,0.0087158767,0.0082724130,0.0078718913,0.0075083623,0.0071769272,0.0068735156,0.0065947174,0.0063376545,0.0060998803,0.0058793025,0.0056741205,0.0054827770,0.0053039174,0.0051363588,0.0049790628,0.0048311146,0.0046917049,0.0045601154,0.0044357060,0.0043179045,0.0042061983,0.0041001260,0.0039992721,0.0039032606,0.0038117510,0.0037244338,0.0036410275,0.0035612750,0.0034849414,0.0034118114,0.0033416876,0.0032743883,0.0032097462,0.0031476069,0.0030878280,
0.0441383105,0.0345650996,0.0284044290,0.0241076329,0.0209399968,0.0185081128,0.0165823121,0.0150195068,0.0137259046,0.0126374633,0.0117089622,0.0109075607,0.0102088332,0.0095942359,0.0090494372,0.0085631856,0.0081265247,0.0077322362,0.0073744380,0.0070482885,0.0067497664,0.0064755039,0.0062226593,0.0059888180,0.0057719152,0.0055701748,0.0053820606,0.0052062372,0.0050415382,0.0048869400,0.0047415413,0.0046045445,0.0044752419,0.0043530030,0.0042372643,0.0041275207,0.0040233183,0.0039242477,0.0038299389,0.0037400566,0.0036542963,0.0035723809,0.0034940574,0.0034190947,0.0033472810,0.0032784219,0.0032123389,0.0031488672,0.0030878552,0.0030291626,
0.0438257073,0.0342413697,0.0280968168,0.0238220011,0.0206762016,0.0182643184,0.0163563472,0.0148093021,0.0135296197,0.0124535035,0.0115359587,0.0107443409,0.0100543910,0.0094477048,0.0089100675,0.0084303259,0.0079996059,0.0076107591,0.0072579622,0.0069364242,0.0066421667,0.0063718593,0.0061226922,0.0058922788,0.0056785786,0.0054798367,0.0052945358,0.0051213569,0.0049591482,0.0048068993,0.0046637203,0.0045288240,0.0044015120,0.0042811621,0.0041672185,0.0040591829,0.0039566074,0.0038590883,0.0037662607,0.0036777940,0.0035933879,0.0035127692,0.0034356886,0.0033619180,0.0032912489,0.0032234896,0.0031584640,0.0030960100,0.0030359780,0.0029782297,
0.0435519448,0.0339573763,0.0278270330,0.0235716335,0.0204451025,0.0180508463,0.0161585711,0.0146253877,0.0133579384,0.0122926466,0.0113847185,0.0106016840,0.0099194311,0.0093196794,0.0087883174,0.0083142784,0.0078887612,0.0075046786,0.0071562595,0.0068387571,0.0065482311,0.0062813836,0.0060354332,0.0058080177,0.0055971179,0.0054009978,0.0052181562,0.0050472889,0.0048872568,0.0047370610,0.0045958216,0.0044627606,0.0043371878,0.0042184884,0.0041061129,0.0039995692,0.0038984147,0.0038022507,0.0037107167,0.0036234863,0.0035402628,0.0034607764,0.0033847809,0.0033120513,0.0032423814,0.0031755822,0.0031114798,0.0030499142,0.0029907376,0.0029338137,
0.0433178480,0.0337123529,0.0275936192,0.0233547691,0.0202448198,0.0178657896,0.0159870973,0.0144659211,0.0132090744,0.0121531674,0.0112535788,0.0104779885,0.0098024117,0.0092086750,0.0086827564,0.0082136640,0.0077926598,0.0074127097,0.0070680879,0.0067540859,0.0064667965,0.0062029501,0.0059597896,0.0057349741,0.0055265031,0.0053326566,0.0051519480,0.0049830853,0.0048249408,0.0046765254,0.0045369680,0.0044054986,0.0042814339,0.0041641655,0.0040531498,0.0039478997,0.0038479774,0.0037529883,0.0036625760,0.0035764174,0.0034942192,0.0034157145,0.0033406599,0.0032688327,0.0032000292,0.0031340624,0.0030707604,0.0030099650,0.0029515300,0.0028953208,
0.0431212544,0.0335033654,0.0273934511,0.0231683114,0.0200723685,0.0177063045,0.0158392289,0.0143283484,0.0130806086,0.0120327720,0.0111403610,0.0103711819,0.0097013579,0.0091128062,0.0085915813,0.0081267555,0.0077096446,0.0073332604,0.0069919157,0.0066809350,0.0063964395,0.0061351837,0.0058944320,0.0056718615,0.0054654878,0.0052736048,0.0050947381,0.0049276068,0.0047710926,0.0046242149,0.0044861104,0.0043560158,0.0042332538,0.0041172216,0.0040073806,0.0039032480,0.0038043901,0.0037104161,0.0036209728,0.0035357403,0.0034544279,0.0033767715,0.0033025297,0.0032314822,0.0031634273,0.0030981797,0.0030355693,0.0029754393,0.0029176452,0.0028620535,
0.0429568591,0.0333251772,0.0272216135,0.0230077115,0.0199235489,0.0175685067,0.0157113617,0.0142093128,0.0129694027,0.0119285159,0.0110422932,0.0102786467,0.0096137905,0.0090297190,0.0085125516,0.0080514155,0.0076376727,0.0072643741,0.0069258657,0.0066175006,0.0063354242,0.0060764121,0.0058377466,0.0056171209,0.0054125640,0.0052223823,0.0050451117,0.0048794808,0.0047243794,0.0045788346,0.0044419894,0.0043130864,0.0041914538,0.0040764933,0.0039676706,0.0038645070,0.0037665720,0.0036734782,0.0035848752,0.0035004456,0.0034199014,0.0033429805,0.0032694437,0.0031990725,0.0031316667,0.0030670429,0.0030050323,0.0029454795,0.0028882412,0.0028331851,

1.4000000000
0.0434859143,0.0342167492,0.0282048030,0.0239897581,0.0208707457,0.0184694522,0.0165637071,0.0150144605,0.0137302359,0.0126483874,0.0117245716,0.0109265180,0.0102301827,0.0096172835,0.0090736718,0.0085882270,0.0081520873,0.0077581041,0.0074004471,0.0070743135,0.0067757116,0.0065012964,0.0062482436,0.0060141521,0.0057969678,0.0055949227,0.0054064873,0.0052303312,0.0050652921,0.0049103497,0.0047646051,0.0046272627,0.0044976165,0.0043750371,0.0042589621,0.0041488871,0.0040443587,0.0039449678,0.0038503449,0.0037601548,0.0036740933,0.0035918831,0.0035132714,0.0034380270,0.0033659381,0.0032968102,0.0032304646,0.0031667366,0.0031054743,0.0030465373,
0.0429521166,0.0336903696,0.0277143384,0.0235389722,0.0204569797,0.0180886111,0.0162117285,0.0146877235,0.0134256295,0.0123632721,0.0114567132,0.0106740216,0.0099914339,0.0093908999,0.0088584630,0.0083831619,0.0079562681,0.0075707448,0.0072208562,0.0069018797,0.0066098922,0.0063416072,0.0060942513,0.0058654674,0.0056532394,0.0054558331,0.0052717482,0.0050996802,0.0049384896,0.0047871766,0.0046448603,0.0045107614,0.0043841883,0.0042645246,0.0041512196,0.0040437797,0.0039417609,0.0038447630,0.0037524242,0.0036644168,0.0035804429,0.0035002315,0.0034235352,0.0033501280,0.0032798027,0.0032123692,0.0031476527,0.0030854923,0.0030257395,0.0029682570,
0.0424712143,0.0332208500,0.0272793267,0.0231406410,0.0200923310,0.0177536481,0.0159026326,0.0144011522,0.0131587419,0.0121136759,0.0112223944,0.0104532790,0.0097828232,0.0091931875,0.0086705891,0.0082042103,0.0077854423,0.0074073485,0.0070642776,0.0067515786,0.0064653892,0.0062024756,0.0059601090,0.0057359715,0.0055280809,0.0053347326,0.0051544521,0.0049859581,0.0048281312,0.0046799895,0.0045406680,0.0044094018,0.0042855119,0.0041683936,0.0040575064,0.0039523660,0.0038525368,0.0037576264,0.0036672800,0.0035811760,0.0034990226,0.0034205538,0.0033455274,0.0032737216,0.0032049333,0.0031389764,0.0030756795,0.0030148848,0.0029564470,0.0029002315,
0.0420366456,0.0328001587,0.0268914455,0.0227866025,0.0197689695,0.0174571205,0.0156293700,0.0141480747,0.0129232553,0.0118936082,0.0110159257,0.0102588773,0.0095991912,0.0090192200,0.0085053380,0.0080468577,0.0076352780,0.0072637524,0.0069267053,0.0066195500,0.0063384788,0.0060803044,0.0058423385,0.0056222976,0.0054182300,0.0052284572,0.0050515282,0.0048861816,0.0047313162,0.0045859660,0.0044492802,0.0043205065,0.0041989772,0.0040840977,0.0039753368,0.0038722183,0.0037743142,0.0036812388,0.0035926435,0.0035082123,0.0034276585,0.0033507209,0.0032771614,0.0032067622,0.0031393240,0.0030746639,0.0030126136,0.0029530183,0.0028957350,0.0028406318,
0.0416463516,0.0324245270,0.0265463272,0.0224723453,0.0194824367,0.0171947089,0.0153877950,0.0139245294,0.0127153897,0.0116994642,0.0108338672,0.0100875308,0.0094373961,0.0088659891,0.0083598257,0.0079083353,0.0075031135,0.0071373945,0.0068056705,0.0065034121,0.0062268602,0.0059728692,0.0057387865,0.0055223597,0.0053216639,0.0051350440,0.0049610694,0.0047984971,0.0046462415,0.0045033508,0.0043689869,0.0042424085,0.0041229581,0.0040100500,0.0039031611,0.0038018226,0.0037056131,0.0036141527,0.0035270984,0.0034441392,0.0033649928,0.0032894023,0.0032171333,0.0031479715,0.0030817208,0.0030182012,0.0029572472,0.0028987065,0.0028424385,0.0027883134,
0.0413006797,0.0320925431,0.0262418314,0.0221954366,0.0192302085,0.0169638950,0.0151754427,0.0137281276,0.0125328430,0.0115290300,0.0106740929,0.0099371983,0.0092954776,0.0087316108,0.0082322404,0.0077868990,0.0073872683,0.0070266541,0.0066996084,0.0064016526,0.0061290706,0.0058787536,0.0056480807,0.0054348268,0.0052370906,0.0050532378,0.0048818558,0.0047217175,0.0045717514,0.0044310182,0.0042986907,0.0041740376,0.0040564102,0.0039452307,0.0038399831,0.0037402050,0.0036454809,0.0035554362,0.0034697325,0.0033880634,0.0033101504,0.0032357404,0.0031646021,0.0030965245,0.0030313143,0.0029687939,0.0029088004,0.0028511835,0.0027958049,0.0027425365,
0.0409971008,0.0318007869,0.0259743250,0.0219522819,0.0190088248,0.0167613855,0.0149891929,0.0135559166,0.0123728196,0.0113796564,0.0105340878,0.0098054882,0.0091711569,0.0086139106,0.0081205027,0.0076805577,0.0072858326,0.0069296963,0.0066067539,0.0063125712,0.0060434701,0.0057963742,0.0055686903,0.0053582174,0.0051630751,0.0049816471,0.0048125369,0.0046545312,0.0045065710,0.0043677278,0.0042371842,0.0041142175,0.0039981868,0.0038885212,0.0037847110,0.0036862995,0.0035928761,0.0035040710,0.0034195500,0.0033390104,0.0032621773,0.0031888007,0.0031186524,0.0030515240,0.0029872245,0.0029255788,0.0028664260,0.0028096179,0.0027550176,0.0027024991,
0.0407330389,0.0315460666,0.0257405223,0.0217396843,0.0188152399,0.0165843026,0.0148263331,0.0134053400,0.0122329074,0.0112490630,0.0104116918,0.0096903499,0.0090624837,0.0085110292,0.0080228375,0.0075876128,0.0071971786,0.0068449590,0.0065256052,0.0062347223,0.0059686653,0.0057243860,0.0054993159,0.0052912747,0.0050984003,0.0049190924,0.0047519684,0.0045958272,0.0044496205,0.0043124296,0.0041834454,0.0040619529,0.0039473179,0.0038389757,0.0037364219,0.0036392048,0.0035469183,0.0034591966,0.0033757093,0.0032961569,0.0032202676,0.0031477942,0.0030785111,0.0030122122,0.0029487086,0.0028878274,0.0028294093,0.0027733078,0.0027193879,0.0026675246,
0.0405030423,0.0313231089,0.0255355318,0.0215531516,0.0186453293,0.0164288475,0.0146833498,0.0132731338,0.0121100612,0.0111343976,0.0103042238,0.0095892549,0.0089670660,0.0084206977,0.0079370867,0.0075060074,0.0071193415,0.0067705615,0.0064543594,0.0061663742,0.0059029905,0.0056611848,0.0054384099,0.0052325041,0.0050416213,0.0048641752,0.0046987953,0.0045442913,0.0043996245,0.0042638845,0.0041362696,0.0040160716,0.0039026621,0.0037954818,0.0036940312,0.0035978629,0.0035065747,0.0034198043,0.0033372245,0.0032585389,0.0031834783,0.0031117980,0.0030432745,0.0029777038,0.0029148991,0.0028546890,0.0027969160,0.0027414349,0.0026881122,0.0026368242,

