0.3
964.7010,1053.6392,1142.5774,1231.5156,1320.4538,1409.3920,1498.3302,1587.2684,1676.2066,1765.1448,1854.0830,1943.0211,2031.9593,2120.8975,2209.8357,2298.7739,2387.7121,2476.6503,2565.5885,2654.5267,2743.4649,2832.4031,2921.3413,3010.2794,3099.2176,3188.1558,3277.0940,3366.0322,3454.9704,3543.9086,3632.8468,3721.7850,3810.7232,3899.6614,3988.5996,4077.5377,4166.4759,4255.4141,4344.3523,4433.2905,4522.2287,4611.1669,4700.1051,4789.0433,4877.9815,4966.9197,5055.8579,5144.7960,5233.7342,5322.6724,
924.4524,1012.2179,1099.9835,1187.7491,1275.5147,1363.2803,1451.0459,1538.8114,1626.5770,1714.3426,1802.1082,1889.8738,1977.6394,2065.4050,2153.1705,2240.9361,2328.7017,2416.4673,2504.2329,2591.9985,2679.7640,2767.5296,2855.2952,2943.0608,3030.8264,3118.5920,3206.3576,3294.1231,3381.8887,3469.6543,3557.4199,3645.1855,3732.9511,3820.7166,3908.4822,3996.2478,4084.0134,4171.7790,4259.5446,4347.3102,4435.0757,4522.8413,4610.6069,4698.3725,4786.1381,4873.9037,4961.6692,5049.4348,5137.2004,5224.9660,
887.7420,974.2900,1060.8381,1147.3862,1233.9342,1320.4823,1407.0303,1493.5784,1580.1264,1666.6745,1753.2226,1839.7706,1926.3187,2012.8667,2099.4148,2185.9628,2272.5109,2359.0589,2445.6070,2532.1551,2618.7031,2705.2512,2791.7992,2878.3473,2964.8953,3051.4434,3137.9915,3224.5395,3311.0876,3397.6356,3484.1837,3570.7317,3657.2798,3743.8278,3830.3759,3916.9240,4003.4720,4090.0201,4176.5681,4263.1162,4349.6642,4436.2123,4522.7604,4609.3084,4695.8565,4782.4045,4868.9526,4955.5006,5042.0487,5128.5967,
854.0793,939.3763,1024.6732,1109.9702,1195.2672,1280.5642,1365.8611,1451.1581,1536.4551,1621.7520,1707.0490,1792.3460,1877.6429,1962.9399,2048.2369,2133.5338,2218.8308,2304.1278,2389.4248,2474.7217,2560.0187,2645.3157,2730.6126,2815.9096,2901.2066,2986.5035,3071.8005,3157.0975,3242.3944,3327.6914,3412.9884,3498.2854,3583.5823,3668.8793,3754.1763,3839.4732,3924.7702,4010.0672,4095.3641,4180.6611,4265.9581,4351.2551,4436.5520,4521.8490,4607.1460,4692.4429,4777.7399,4863.0369,4948.3338,5033.6308,
823.0848,907.1137,991.1426,1075.1715,1159.2004,1243.2293,1327.2582,1411.2872,1495.3161,1579.3450,1663.3739,1747.4028,1831.4317,1915.4607,1999.4896,2083.5185,2167.5474,2251.5763,2335.6052,2419.6341,2503.6631,2587.6920,2671.7209,2755.7498,2839.7787,2923.8076,3007.8365,3091.8655,3175.8944,3259.9233,3343.9522,3427.9811,3512.0100,3596.0389,3680.0679,3764.0968,3848.1257,3932.1546,4016.1835,4100.2124,4184.2414,4268.2703,4352.2992,4436.3281,4520.3570,4604.3859,4688.4148,4772.4438,4856.4727,4940.5016,
794.4752,877.2429,960.0106,1042.7783,1125.5460,1208.3137,1291.0814,1373.8492,1456.6169,1539.3846,1622.1523,1704.9200,1787.6877,1870.4554,1953.2232,2035.9909,2118.7586,2201.5263,2284.2940,2367.0617,2449.8294,2532.5972,2615.3649,2698.1326,2780.9003,2863.6680,2946.4357,3029.2034,3111.9712,3194.7389,3277.5066,3360.2743,3443.0420,3525.8097,3608.5774,3691.3452,3774.1129,3856.8806,3939.6483,4022.4160,4105.1837,4187.9515,4270.7192,4353.4869,4436.2546,4519.0223,4601.7900,4684.5577,4767.3255,4850.0932,
767.9857,849.5094,931.0330,1012.5566,1094.0803,1175.6039,1257.1275,1338.6512,1420.1748,1501.6984,1583.2221,1664.7457,1746.2693,1827.7929,1909.3166,1990.8402,2072.3638,2153.8875,2235.4111,2316.9347,2398.4584,2479.9820,2561.5056,2643.0293,2724.5529,2806.0765,2887.6001,2969.1238,3050.6474,3132.1710,3213.6947,3295.2183,3376.7419,3458.2656,3539.7892,3621.3128,3702.8365,3784.3601,3865.8837,3947.4074,4028.9310,4110.4546,4191.9782,4273.5019,4355.0255,4436.5491,4518.0728,4599.5964,4681.1200,4762.6437,
743.3248,823.6070,903.8892,984.1714,1064.4536,1144.7358,1225.0180,1305.3002,1385.5824,1465.8646,1546.1468,1626.4290,1706.7112,1786.9933,1867.2755,1947.5577,2027.8399,2108.1221,2188.4043,2268.6865,2348.9687,2429.2509,2509.5331,2589.8153,2670.0975,2750.3797,2830.6619,2910.9441,2991.2262,3071.5084,3151.7906,3232.0728,3312.3550,3392.6372,3472.9194,3553.2016,3633.4838,3713.7660,3794.0482,3874.3304,3954.6126,4034.8948,4115.1770,4195.4592,4275.7413,4356.0235,4436.3057,4516.5879,4596.8701,4677.1523,
720.3328,799.3930,878.4532,957.5134,1036.5736,1115.6338,1194.6940,1273.7542,1352.8144,1431.8746,1510.9348,1589.9950,1669.0552,1748.1154,1827.1756,1906.2358,1985.2960,2064.3562,2143.4164,2222.4766,2301.5368,2380.5970,2459.6573,2538.7175,2617.7777,2696.8379,2775.8981,2854.9583,2934.0185,3013.0787,3092.1389,3171.1991,3250.2593,3329.3195,3408.3797,3487.4399,3566.5001,3645.5603,3724.6205,3803.6807,3882.7409,3961.8011,4040.8613,4119.9215,4198.9817,4278.0419,4357.1021,4436.1623,4515.2225,4594.2827,

0.4000
993.7481,1123.5351,1253.3220,1383.1089,1512.8958,1642.6827,1772.4696,1902.2565,2032.0435,2161.8304,2291.6173,2421.4042,2551.1911,2680.9780,2810.7649,2940.5519,3070.3388,3200.1257,3329.9126,3459.6995,3589.4864,3719.2733,3849.0603,3978.8472,4108.6341,4238.4210,4368.2079,4497.9948,4627.7817,4757.5687,4887.3556,5017.1425,5146.9294,5276.7163,5406.5032,5536.2901,5666.0770,5795.8640,5925.6509,6055.4378,6185.2247,6315.0116,6444.7985,6574.5854,6704.3724,6834.1593,6963.9462,7093.7331,7223.5200,7353.3069,
959.5653,1088.5612,1217.5571,1346.5530,1475.5489,1604.5449,1733.5408,1862.5367,1991.5326,2120.5285,2249.5244,2378.5203,2507.5162,2636.5122,2765.5081,2894.5040,3023.4999,3152.4958,3281.4917,3410.4876,3539.4836,3668.4795,3797.4754,3926.4713,4055.4672,4184.4631,4313.4590,4442.4549,4571.4509,4700.4468,4829.4427,4958.4386,5087.4345,5216.4304,5345.4263,5474.4223,5603.4182,5732.4141,5861.4100,5990.4059,6119.4018,6248.3977,6377.3936,6506.3896,6635.3855,6764.3814,6893.3773,7022.3732,7151.3691,7280.3650,
927.9954,1056.0110,1184.0266,1312.0422,1440.0578,1568.0734,1696.0890,1824.1046,1952.1201,2080.1357,2208.1513,2336.1669,2464.1825,2592.1981,2720.2137,2848.2293,2976.2449,3104.2604,3232.2760,3360.2916,3488.3072,3616.3228,3744.3384,3872.3540,4000.3696,4128.3852,4256.4008,4384.4163,4512.4319,4640.4475,4768.4631,4896.4787,5024.4943,5152.5099,5280.5255,5408.5411,5536.5566,5664.5722,5792.5878,5920.6034,6048.6190,6176.6346,6304.6502,6432.6658,6560.6814,6688.6969,6816.7125,6944.7281,7072.7437,7200.7593,
898.7883,1025.7023,1152.6163,1279.5302,1406.4442,1533.3582,1660.2722,1787.1862,1914.1002,2041.0141,2167.9281,2294.8421,2421.7561,2548.6701,2675.5841,2802.4980,2929.4120,3056.3260,3183.2400,3310.1540,3437.0680,3563.9819,3690.8959,3817.8099,3944.7239,4071.6379,4198.5519,4325.4658,4452.3798,4579.2938,4706.2078,4833.1218,4960.0358,5086.9497,5213.8637,5340.7777,5467.6917,5594.6057,5721.5197,5848.4336,5975.3476,6102.2616,6229.1756,6356.0896,6483.0036,6609.9175,6736.8315,6863.7455,6990.6595,7117.5735,
871.6319,997.3429,1123.0539,1248.7649,1374.4759,1500.1870,1625.8980,1751.6090,1877.3200,2003.0311,2128.7421,2254.4531,2380.1641,2505.8751,2631.5862,2757.2972,2883.0082,3008.7192,3134.4303,3260.1413,3385.8523,3511.5633,3637.2743,3762.9854,3888.6964,4014.4074,4140.1184,4265.8295,4391.5405,4517.2515,4642.9625,4768.6735,4894.3846,5020.0956,5145.8066,5271.5176,5397.2287,5522.9397,5648.6507,5774.3617,5900.0727,6025.7838,6151.4948,6277.2058,6402.9168,6528.6278,6654.3389,6780.0499,6905.7609,7031.4719,
846.3012,970.7354,1095.1695,1219.6036,1344.0378,1468.4719,1592.9060,1717.3402,1841.7743,1966.2084,2090.6426,2215.0767,2339.5108,2463.9450,2588.3791,2712.8132,2837.2474,2961.6815,3086.1156,3210.5498,3334.9839,3459.4180,3583.8522,3708.2863,3832.7204,3957.1546,4081.5887,4206.0228,4330.4570,4454.8911,4579.3252,4703.7594,4828.1935,4952.6277,5077.0618,5201.4959,5325.9301,5450.3642,5574.7983,5699.2325,5823.6666,5948.1007,6072.5349,6196.9690,6321.4031,6445.8373,6570.2714,6694.7055,6819.1397,6943.5738,
822.6078,945.7136,1068.8194,1191.9251,1315.0309,1438.1367,1561.2424,1684.3482,1807.4540,1930.5597,2053.6655,2176.7712,2299.8770,2422.9828,2546.0885,2669.1943,2792.3001,2915.4058,3038.5116,3161.6174,3284.7231,3407.8289,3530.9347,3654.0404,3777.1462,3900.2519,4023.3577,4146.4635,4269.5692,4392.6750,4515.7808,4638.8865,4761.9923,4885.0981,5008.2038,5131.3096,5254.4153,5377.5211,5500.6269,5623.7326,5746.8384,5869.9442,5993.0499,6116.1557,6239.2615,6362.3672,6485.4730,6608.5787,6731.6845,6854.7903,
800.3917,922.1360,1043.8802,1165.6245,1287.3687,1409.1130,1530.8573,1652.6015,1774.3458,1896.0900,2017.8343,2139.5786,2261.3228,2383.0671,2504.8113,2626.5556,2748.2999,2870.0441,2991.7884,3113.5326,3235.2769,3357.0212,3478.7654,3600.5097,3722.2539,3843.9982,3965.7425,4087.4867,4209.2310,4330.9752,4452.7195,4574.4637,4696.2080,4817.9523,4939.6965,5061.4408,5183.1850,5304.9293,5426.6736,5548.4178,5670.1621,5791.9063,5913.6506,6035.3949,6157.1391,6278.8834,6400.6276,6522.3719,6644.1162,6765.8604,
779.5158,899.8804,1020.2450,1140.6096,1260.9741,1381.3387,1501.7033,1622.0679,1742.4325,1862.7971,1983.1616,2103.5262,2223.8908,2344.2554,2464.6200,2584.9846,2705.3491,2825.7137,2946.0783,3066.4429,3186.8075,3307.1721,3427.5366,3547.9012,3668.2658,3788.6304,3908.9950,4029.3596,4149.7241,4270.0887,4390.4533,4510.8179,4631.1825,4751.5471,4871.9116,4992.2762,5112.6408,5233.0054,5353.3700,5473.7346,5594.0992,5714.4637,5834.8283,5955.1929,6075.5575,6195.9221,6316.2867,6436.6512,6557.0158,6677.3804,

0.5000
1051.6174,1221.9630,1392.3086,1562.6542,1732.9998,1903.3454,2073.6911,2244.0367,2414.3823,2584.7279,2755.0735,2925.4191,3095.7647,3266.1104,3436.4560,3606.8016,3777.1472,3947.4928,4117.8384,4288.1840,4458.5297,4628.8753,4799.2209,4969.5665,5139.9121,5310.2577,5480.6033,5650.9490,5821.2946,5991.6402,6161.9858,6332.3314,6502.6770,6673.0226,6843.3682,7013.7139,7184.0595,7354.4051,7524.7507,7695.0963,7865.4419,8035.7875,8206.1332,8376.4788,8546.8244,8717.1700,8887.5156,9057.8612,9228.2068,9398.5525,
1023.1122,1193.4399,1363.7677,1534.0954,1704.4232,1874.7509,2045.0787,2215.4064,2385.7342,2556.0619,2726.3897,2896.7174,3067.0452,3237.3729,3407.7007,3578.0284,3748.3562,3918.6839,4089.0117,4259.3395,4429.6672,4599.9950,4770.3227,4940.6505,5110.9782,5281.3060,5451.6337,5621.9615,5792.2892,5962.6170,6132.9447,6303.2725,6473.6002,6643.9280,6814.2557,6984.5835,7154.9112,7325.2390,7495.5667,7665.8945,7836.2222,8006.5500,8176.8777,8347.2055,8517.5332,8687.8610,8858.1887,9028.5165,9198.8442,9369.1720,
996.5592,1166.5714,1336.5837,1506.5959,1676.6081,1846.6204,2016.6326,2186.6448,2356.6571,2526.6693,2696.6816,2866.6938,3036.7060,3206.7183,3376.7305,3546.7427,3716.7550,3886.7672,4056.7795,4226.7917,4396.8039,4566.8162,4736.8284,4906.8406,5076.8529,5246.8651,5416.8773,5586.8896,5756.9018,5926.9141,6096.9263,6266.9385,6436.9508,6606.9630,6776.9752,6946.9875,7116.9997,7287.0119,7457.0242,7627.0364,7797.0487,7967.0609,8137.0731,8307.0854,8477.0976,8647.1098,8817.1221,8987.1343,9157.1466,9327.1588,
971.6725,1141.1117,1310.5510,1479.9902,1649.4295,1818.8687,1988.3080,2157.7472,2327.1864,2496.6257,2666.0649,2835.5042,3004.9434,3174.3827,3343.8219,3513.2612,3682.7004,3852.1397,4021.5789,4191.0181,4360.4574,4529.8966,4699.3359,4868.7751,5038.2144,5207.6536,5377.0929,5546.5321,5715.9714,5885.4106,6054.8498,6224.2891,6393.7283,6563.1676,6732.6068,6902.0461,7071.4853,7240.9246,7410.3638,7579.8031,7749.2423,7918.6815,8088.1208,8257.5600,8426.9993,8596.4385,8765.8778,8935.3170,9104.7563,9274.1955,
948.2114,1116.8508,1285.4903,1454.1297,1622.7691,1791.4085,1960.0479,2128.6874,2297.3268,2465.9662,2634.6056,2803.2450,2971.8845,3140.5239,3309.1633,3477.8027,3646.4421,3815.0816,3983.7210,4152.3604,4320.9998,4489.6392,4658.2787,4826.9181,4995.5575,5164.1969,5332.8363,5501.4758,5670.1152,5838.7546,6007.3940,6176.0334,6344.6729,6513.3123,6681.9517,6850.5911,7019.2305,7187.8700,7356.5094,7525.1488,7693.7882,7862.4276,8031.0671,8199.7065,8368.3459,8536.9853,8705.6247,8874.2642,9042.9036,9211.5430,
926.0754,1093.7462,1261.4170,1429.0878,1596.7586,1764.4294,1932.1002,2099.7710,2267.4418,2435.1126,2602.7834,2770.4542,2938.1250,3105.7958,3273.4666,3441.1374,3608.8082,3776.4790,3944.1498,4111.8206,4279.4914,4447.1622,4614.8330,4782.5038,4950.1746,5117.8454,5285.5162,5453.1870,5620.8578,5788.5286,5956.1994,6123.8702,6291.5410,6459.2118,6626.8826,6794.5533,6962.2241,7129.8949,7297.5657,7465.2365,7632.9073,7800.5781,7968.2489,8135.9197,8303.5905,8471.2613,8638.9321,8806.6029,8974.2737,9141.9445,
905.1408,1071.7092,1238.2777,1404.8462,1571.4146,1737.9831,1904.5515,2071.1200,2237.6885,2404.2569,2570.8254,2737.3938,2903.9623,3070.5308,3237.0992,3403.6677,3570.2361,3736.8046,3903.3731,4069.9415,4236.5100,4403.0784,4569.6469,4736.2154,4902.7838,5069.3523,5235.9207,5402.4892,5569.0577,5735.6261,5902.1946,6068.7630,6235.3315,6401.9000,6568.4684,6735.0369,6901.6053,7068.1738,7234.7423,7401.3107,7567.8792,7734.4476,7901.0161,8067.5846,8234.1530,8400.7215,8567.2899,8733.8584,8900.4269,9066.9953,
885.3044,1050.6666,1216.0288,1381.3909,1546.7531,1712.1152,1877.4774,2042.8395,2208.2017,2373.5638,2538.9260,2704.2881,2869.6503,3035.0124,3200.3746,3365.7368,3531.0989,3696.4611,3861.8232,4027.1854,4192.5475,4357.9097,4523.2718,4688.6340,4853.9961,5019.3583,5184.7205,5350.0826,5515.4448,5680.8069,5846.1691,6011.5312,6176.8934,6342.2555,6507.6177,6672.9798,6838.3420,7003.7041,7169.0663,7334.4285,7499.7906,7665.1528,7830.5149,7995.8771,8161.2392,8326.6014,8491.9635,8657.3257,8822.6878,8988.0500,
866.4233,1030.4817,1194.5401,1358.5985,1522.6570,1686.7154,1850.7738,2014.8322,2178.8906,2342.9490,2507.0074,2671.0658,2835.1243,2999.1827,3163.2411,3327.2995,3491.3579,3655.4163,3819.4747,3983.5331,4147.5916,4311.6500,4475.7084,4639.7668,4803.8252,4967.8836,5131.9420,5296.0004,5460.0589,5624.1173,5788.1757,5952.2341,6116.2925,6280.3509,6444.4093,6608.4678,6772.5262,6936.5846,7100.6430,7264.7014,7428.7598,7592.8182,7756.8766,7920.9351,8084.9935,8249.0519,8413.1103,8577.1687,8741.2271,8905.2855,

0.6000
1122.3142,1331.9256,1541.5369,1751.1482,1960.7595,2170.3709,2379.9822,2589.5935,2799.2049,3008.8162,3218.4275,3428.0388,3637.6502,3847.2615,4056.8728,4266.4842,4476.0955,4685.7068,4895.3181,5104.9295,5314.5408,5524.1521,5733.7634,5943.3748,6152.9861,6362.5974,6572.2088,6781.8201,6991.4314,7201.0427,7410.6541,7620.2654,7829.8767,8039.4881,8249.0994,8458.7107,8668.3220,8877.9334,9087.5447,9297.1560,9506.7673,9716.3787,9925.9900,10135.6013,10345.2127,10554.8240,10764.4353,10974.0466,11183.6580,11393.2693,
1099.6122,1310.3137,1521.0152,1731.7167,1942.4183,2153.1198,2363.8213,2574.5228,2785.2243,2995.9259,3206.6274,3417.3289,3628.0304,3838.7319,4049.4335,4260.1350,4470.8365,4681.5380,4892.2395,5102.9411,5313.6426,5524.3441,5735.0456,5945.7471,6156.4487,6367.1502,6577.8517,6788.5532,6999.2548,7209.9563,7420.6578,7631.3593,7842.0608,8052.7624,8263.4639,8474.1654,8684.8669,8895.5684,9106.2700,9316.9715,9527.6730,9738.3745,9949.0760,10159.7776,10370.4791,10581.1806,10791.8821,11002.5836,11213.2852,11423.9867,
1078.1627,1289.5062,1500.8497,1712.1932,1923.5367,2134.8802,2346.2237,2557.5672,2768.9107,2980.2542,3191.5977,3402.9412,3614.2847,3825.6282,4036.9717,4248.3152,4459.6586,4671.0021,4882.3456,5093.6891,5305.0326,5516.3761,5727.7196,5939.0631,6150.4066,6361.7501,6573.0936,6784.4371,6995.7806,7207.1241,7418.4676,7629.8111,7841.1546,8052.4981,8263.8416,8475.1851,8686.5286,8897.8721,9109.2156,9320.5591,9531.9026,9743.2460,9954.5895,10165.9330,10377.2765,10588.6200,10799.9635,11011.3070,11222.6505,11433.9940,
1057.7945,1269.3983,1481.0021,1692.6060,1904.2098,2115.8136,2327.4174,2539.0212,2750.6250,2962.2288,3173.8327,3385.4365,3597.0403,3808.6441,4020.2479,4231.8517,4443.4556,4655.0594,4866.6632,5078.2670,5289.8708,5501.4746,5713.0784,5924.6823,6136.2861,6347.8899,6559.4937,6771.0975,6982.7013,7194.3051,7405.9090,7617.5128,7829.1166,8040.7204,8252.3242,8463.9280,8675.5318,8887.1357,9098.7395,9310.3433,9521.9471,9733.5509,9945.1547,10156.7585,10368.3624,10579.9662,10791.5700,11003.1738,11214.7776,11426.3814,
1038.2569,1249.7570,1461.2571,1672.7572,1884.2573,2095.7574,2307.2575,2518.7576,2730.2577,2941.7578,3153.2579,3364.7580,3576.2582,3787.7583,3999.2584,4210.7585,4422.2586,4633.7587,4845.2588,5056.7589,5268.2590,5479.7591,5691.2592,5902.7593,6114.2594,6325.7595,6537.2596,6748.7597,6960.2598,7171.7599,7383.2600,7594.7602,7806.2603,8017.7604,8229.2605,8440.7606,8652.2607,8863.7608,9075.2609,9286.7610,9498.2611,9709.7612,9921.2613,10132.7614,10344.2615,10555.7616,10767.2617,10978.7618,11190.2619,11401.7621,
1019.6358,1230.7804,1441.9250,1653.0696,1864.2143,2075.3589,2286.5035,2497.6481,2708.7927,2919.9374,3131.0820,3342.2266,3553.3712,3764.5158,3975.6604,4186.8051,4397.9497,4609.0943,4820.2389,5031.3835,5242.5282,5453.6728,5664.8174,5875.9620,6087.1066,6298.2513,6509.3959,6720.5405,6931.6851,7142.8297,7353.9743,7565.1190,7776.2636,7987.4082,8198.5528,8409.6974,8620.8421,8831.9867,9043.1313,9254.2759,9465.4205,9676.5651,9887.7098,10098.8544,10309.9990,10521.1436,10732.2882,10943.4329,11154.5775,11365.7221,
1001.6694,1212.1891,1422.7088,1633.2285,1843.7482,2054.2680,2264.7877,2475.3074,2685.8271,2896.3468,3106.8666,3317.3863,3527.9060,3738.4257,3948.9454,4159.4652,4369.9849,4580.5046,4791.0243,5001.5440,5212.0638,5422.5835,5633.1032,5843.6229,6054.1426,6264.6624,6475.1821,6685.7018,6896.2215,7106.7412,7317.2610,7527.7807,7738.3004,7948.8201,8159.3399,8369.8596,8580.3793,8790.8990,9001.4187,9211.9385,9422.4582,9632.9779,9843.4976,10054.0173,10264.5371,10475.0568,10685.5765,10896.0962,11106.6159,11317.1357,
984.4904,1194.2186,1403.9468,1613.6750,1823.4032,2033.1314,2242.8596,2452.5878,2662.3160,2872.0442,3081.7724,3291.5006,3501.2288,3710.9570,3920.6852,4130.4134,4340.1416,4549.8698,4759.5980,4969.3262,5179.0544,5388.7826,5598.5108,5808.2390,6017.9672,6227.6954,6437.4236,6647.1518,6856.8800,7066.6082,7276.3364,7486.0646,7695.7928,7905.5210,8115.2492,8324.9774,8534.7056,8744.4338,8954.1620,9163.8902,9373.6184,9583.3466,9793.0748,10002.8029,10212.5311,10422.2593,10631.9875,10841.7157,11051.4439,11261.1721,
967.8582,1176.5975,1385.3369,1594.0762,1802.8156,2011.5549,2220.2942,2429.0336,2637.7729,2846.5123,3055.2516,3263.9909,3472.7303,3681.4696,3890.2090,4098.9483,4307.6876,4516.4270,4725.1663,4933.9057,5142.6450,5351.3843,5560.1237,5768.8630,5977.6024,6186.3417,6395.0811,6603.8204,6812.5597,7021.2991,7230.0384,7438.7778,7647.5171,7856.2564,8064.9958,8273.7351,8482.4745,8691.2138,8899.9531,9108.6925,9317.4318,9526.1712,9734.9105,9943.6498,10152.3892,10361.1285,10569.8679,10778.6072,10987.3465,11196.0859,

0.7000
1198.5769,1445.8112,1693.0455,1940.2798,2187.5141,2434.7484,2681.9827,2929.2170,3176.4513,3423.6856,3670.9199,3918.1542,4165.3885,4412.6228,4659.8571,4907.0914,5154.3257,5401.5600,5648.7943,5896.0286,6143.2629,6390.4973,6637.7316,6884.9659,7132.2002,7379.4345,7626.6688,7873.9031,8121.1374,8368.3717,8615.6060,8862.8403,9110.0746,9357.3089,9604.5432,9851.7775,10099.0118,10346.2461,10593.4804,10840.7147,11087.9490,11335.1834,11582.4177,11829.6520,12076.8863,12324.1206,12571.3549,12818.5892,13065.8235,13313.0578,
1181.7075,1431.3340,1680.9606,1930.5871,2180.2136,2429.8402,2679.4667,2929.0932,3178.7197,3428.3463,3677.9728,3927.5993,4177.2258,4426.8524,4676.4789,4926.1054,5175.7319,5425.3585,5674.9850,5924.6115,6174.2380,6423.8646,6673.4911,6923.1176,7172.7442,7422.3707,7671.9972,7921.6237,8171.2503,8420.8768,8670.5033,8920.1298,9169.7564,9419.3829,9669.0094,9918.6359,10168.2625,10417.8890,10667.5155,10917.1421,11166.7686,11416.3951,11666.0216,11915.6482,12165.2747,12414.9012,12664.5277,12914.1543,13163.7808,13413.4073,
1165.4709,1416.8991,1668.3272,1919.7553,2171.1834,2422.6116,2674.0397,2925.4678,3176.8959,3428.3241,3679.7522,3931.1803,4182.6085,4434.0366,4685.4647,4936.8928,5188.3210,5439.7491,5691.1772,5942.6053,6194.0335,6445.4616,6696.8897,6948.3178,7199.7460,7451.1741,7702.6022,7954.0304,8205.4585,8456.8866,8708.3147,8959.7429,9211.1710,9462.5991,9714.0272,9965.4554,10216.8835,10468.3116,10719.7398,10971.1679,11222.5960,11474.0241,11725.4523,11976.8804,12228.3085,12479.7366,12731.1648,12982.5929,13234.0210,13485.4492,
1149.8041,1402.5368,1655.2694,1908.0020,2160.7347,2413.4673,2666.1999,2918.9326,3171.6652,3424.3979,3677.1305,3929.8631,4182.5958,4435.3284,4688.0610,4940.7937,5193.5263,5446.2589,5698.9916,5951.7242,6204.4568,6457.1895,6709.9221,6962.6548,7215.3874,7468.1200,7720.8527,7973.5853,8226.3179,8479.0506,8731.7832,8984.5158,9237.2485,9489.9811,9742.7137,9995.4464,10248.1790,10500.9116,10753.6443,11006.3769,11259.1096,11511.8422,11764.5748,12017.3075,12270.0401,12522.7727,12775.5054,13028.2380,13280.9706,13533.7033,
1134.5521,1388.1342,1641.7162,1895.2983,2148.8803,2402.4624,2656.0444,2909.6265,3163.2086,3416.7906,3670.3727,3923.9547,4177.5368,4431.1188,4684.7009,4938.2829,5191.8650,5445.4471,5699.0291,5952.6112,6206.1932,6459.7753,6713.3573,6966.9394,7220.5214,7474.1035,7727.6856,7981.2676,8234.8497,8488.4317,8742.0138,8995.5958,9249.1779,9502.7600,9756.3420,10009.9241,10263.5061,10517.0882,10770.6702,11024.2523,11277.8343,11531.4164,11784.9985,12038.5805,12292.1626,12545.7446,12799.3267,13052.9087,13306.4908,13560.0728,
1119.6548,1373.6886,1627.7224,1881.7561,2135.7899,2389.8237,2643.8574,2897.8912,3151.9250,3405.9587,3659.9925,3914.0263,4168.0600,4422.0938,4676.1276,4930.1613,5184.1951,5438.2289,5692.2626,5946.2964,6200.3302,6454.3639,6708.3977,6962.4315,7216.4653,7470.4990,7724.5328,7978.5666,8232.6003,8486.6341,8740.6679,8994.7016,9248.7354,9502.7692,9756.8029,10010.8367,10264.8705,10518.9042,10772.9380,11026.9718,11281.0055,11535.0393,11789.0731,12043.1068,12297.1406,12551.1744,12805.2081,13059.2419,13313.2757,13567.3094,
1105.0730,1359.2122,1613.3513,1867.4905,2121.6297,2375.7689,2629.9081,2884.0472,3138.1864,3392.3256,3646.4648,3900.6040,4154.7431,4408.8823,4663.0215,4917.1607,5171.2999,5425.4390,5679.5782,5933.7174,6187.8566,6441.9958,6696.1349,6950.2741,7204.4133,7458.5525,7712.6917,7966.8308,8220.9700,8475.1092,8729.2484,8983.3876,9237.5267,9491.6659,9745.8051,9999.9443,10254.0834,10508.2226,10762.3618,11016.5010,11270.6402,11524.7793,11778.9185,12033.0577,12287.1969,12541.3361,12795.4752,13049.6144,13303.7536,13557.8928,
1090.8566,1344.8258,1598.7949,1852.7641,2106.7332,2360.7023,2614.6715,2868.6406,3122.6097,3376.5789,3630.5480,3884.5172,4138.4863,4392.4554,4646.4246,4900.3937,5154.3628,5408.3320,5662.3011,5916.2703,6170.2394,6424.2085,6678.1777,6932.1468,7186.1159,7440.0851,7694.0542,7948.0234,8201.9925,8455.9616,8709.9308,8963.8999,9217.8690,9471.8382,9725.8073,9979.7764,10233.7456,10487.7147,10741.6839,10995.6530,11249.6221,11503.5913,11757.5604,12011.5295,12265.4987,12519.4678,12773.4370,13027.4061,13281.3752,13535.3444,
1076.8425,1330.3576,1583.8727,1837.3877,2090.9028,2344.4179,2597.9329,2851.4480,3104.9631,3358.4781,3611.9932,3865.5083,4119.0233,4372.5384,4626.0535,4879.5686,5133.0836,5386.5987,5640.1138,5893.6288,6147.1439,6400.6590,6654.1740,6907.6891,7161.2042,7414.7192,7668.2343,7921.7494,8175.2644,8428.7795,8682.2946,8935.8096,9189.3247,9442.8398,9696.3548,9949.8699,10203.3850,10456.9000,10710.4151,10963.9302,11217.4452,11470.9603,11724.4754,11977.9904,12231.5055,12485.0206,12738.5356,12992.0507,13245.5658,13499.0808,

0.8000
1276.6953,1559.8049,1842.9145,2126.0241,2409.1337,2692.2433,2975.3529,3258.4625,3541.5721,3824.6817,4107.7914,4390.9010,4674.0106,4957.1202,5240.2298,5523.3394,5806.4490,6089.5586,6372.6682,6655.7778,6938.8875,7221.9971,7505.1067,7788.2163,8071.3259,8354.4355,8637.5451,8920.6547,9203.7643,9486.8739,9769.9836,10053.0932,10336.2028,10619.3124,10902.4220,11185.5316,11468.6412,11751.7508,12034.8604,12317.9700,12601.0796,12884.1893,13167.2989,13450.4085,13733.5181,14016.6277,14299.7373,14582.8469,14865.9565,15149.0661,
1265.6405,1552.5628,1839.4851,2126.4075,2413.3298,2700.2521,2987.1745,3274.0968,3561.0191,3847.9414,4134.8638,4421.7861,4708.7084,4995.6308,5282.5531,5569.4754,5856.3978,6143.3201,6430.2424,6717.1648,7004.0871,7291.0094,7577.9318,7864.8541,8151.7764,8438.6988,8725.6211,9012.5434,9299.4658,9586.3881,9873.3104,10160.2327,10447.1551,10734.0774,11020.9997,11307.9221,11594.8444,11881.7667,12168.6891,12455.6114,12742.5337,13029.4561,13316.3784,13603.3007,13890.2231,14177.1454,14464.0677,14750.9901,15037.9124,15324.8347,
1254.8206,1544.8842,1834.9478,2125.0114,2415.0750,2705.1386,2995.2022,3285.2658,3575.3294,3865.3930,4155.4566,4445.5202,4735.5838,5025.6474,5315.7110,5605.7746,5895.8382,6185.9018,6475.9654,6766.0290,7056.0926,7346.1562,7636.2198,7926.2834,8216.3470,8506.4106,8796.4742,9086.5378,9376.6014,9666.6650,9956.7286,10246.7922,10536.8558,10826.9194,11116.9830,11407.0466,11697.1102,11987.1738,12277.2374,12567.3010,12857.3646,13147.4282,13437.4918,13727.5554,14017.6190,14307.6826,14597.7462,14887.8098,15177.8734,15467.9370,
1243.9857,1536.5429,1829.1002,2121.6574,2414.2146,2706.7718,2999.3290,3291.8862,3584.4435,3877.0007,4169.5579,4462.1151,4754.6723,5047.2295,5339.7867,5632.3440,5924.9012,6217.4584,6510.0156,6802.5728,7095.1300,7387.6873,7680.2445,7972.8017,8265.3589,8557.9161,8850.4733,9143.0305,9435.5878,9728.1450,10020.7022,10313.2594,10605.8166,10898.3738,11190.9311,11483.4883,11776.0455,12068.6027,12361.1599,12653.7171,12946.2743,13238.8316,13531.3888,13823.9460,14116.5032,14409.0604,14701.6176,14994.1749,15286.7321,15579.2893,
1233.1462,1527.6405,1822.1347,2116.6290,2411.1232,2705.6175,3000.1118,3294.6060,3589.1003,3883.5945,4178.0888,4472.5830,4767.0773,5061.5716,5356.0658,5650.5601,5945.0543,6239.5486,6534.0428,6828.5371,7123.0313,7417.5256,7712.0199,8006.5141,8301.0084,8595.5026,8889.9969,9184.4911,9478.9854,9773.4797,10067.9739,10362.4682,10656.9624,10951.4567,11245.9509,11540.4452,11834.9395,12129.4337,12423.9280,12718.4222,13012.9165,13307.4107,13601.9050,13896.3992,14190.8935,14485.3878,14779.8820,15074.3763,15368.8705,15663.3648,
1222.2692,1518.2054,1814.1415,2110.0777,2406.0139,2701.9501,2997.8862,3293.8224,3589.7586,3885.6947,4181.6309,4477.5671,4773.5032,5069.4394,5365.3756,5661.3118,5957.2479,6253.1841,6549.1203,6845.0564,7140.9926,7436.9288,7732.8649,8028.8011,8324.7373,8620.6735,8916.6096,9212.5458,9508.4820,9804.4181,10100.3543,10396.2905,10692.2267,10988.1628,11284.0990,11580.0352,11875.9713,12171.9075,12467.8437,12763.7798,13059.7160,13355.6522,13651.5884,13947.5245,14243.4607,14539.3969,14835.3330,15131.2692,15427.2054,15723.1415,
1211.3419,1508.2810,1805.2200,2102.1590,2399.0981,2696.0371,2992.9762,3289.9152,3586.8542,3883.7933,4180.7323,4477.6713,4774.6104,5071.5494,5368.4884,5665.4275,5962.3665,6259.3056,6556.2446,6853.1836,7150.1227,7447.0617,7744.0007,8040.9398,8337.8788,8634.8178,8931.7569,9228.6959,9525.6350,9822.5740,10119.5130,10416.4521,10713.3911,11010.3301,11307.2692,11604.2082,11901.1473,12198.0863,12495.0253,12791.9644,13088.9034,13385.8424,13682.7815,13979.7205,14276.6595,14573.5986,14870.5376,15167.4767,15464.4157,15761.3547,
1200.3653,1497.9192,1795.4730,2093.0268,2390.5807,2688.1345,2985.6883,3283.2422,3580.7960,3878.3498,4175.9036,4473.4575,4771.0113,5068.5651,5366.1190,5663.6728,5961.2266,6258.7805,6556.3343,6853.8881,7151.4420,7448.9958,7746.5496,8044.1035,8341.6573,8639.2111,8936.7650,9234.3188,9531.8726,9829.4264,10126.9803,10424.5341,10722.0879,11019.6418,11317.1956,11614.7494,11912.3033,12209.8571,12507.4109,12804.9648,13102.5186,13400.0724,13697.6263,13995.1801,14292.7339,14590.2878,14887.8416,15185.3954,15482.9493,15780.5031,
1189.3493,1487.1760,1785.0027,2082.8295,2380.6562,2678.4829,2976.3097,3274.1364,3571.9631,3869.7899,4167.6166,4465.4433,4763.2701,5061.0968,5358.9235,5656.7503,5954.5770,6252.4037,6550.2305,6848.0572,7145.8839,7443.7107,7741.5374,8039.3641,8337.1909,8635.0176,8932.8443,9230.6711,9528.4978,9826.3245,10124.1513,10421.9780,10719.8047,11017.6315,11315.4582,11613.2849,11911.1117,12208.9384,12506.7651,12804.5919,13102.4186,13400.2453,13698.0721,13995.8988,14293.7255,14591.5523,14889.3790,15187.2057,15485.0325,15782.8592,

0.9000
1354.8894,1672.2109,1989.5323,2306.8538,2624.1753,2941.4968,3258.8183,3576.1398,3893.4612,4210.7827,4528.1042,4845.4257,5162.7472,5480.0686,5797.3901,6114.7116,6432.0331,6749.3546,7066.6760,7383.9975,7701.3190,8018.6405,8335.9620,8653.2835,8970.6049,9287.9264,9605.2479,9922.5694,10239.8909,10557.2123,10874.5338,11191.8553,11509.1768,11826.4983,12143.8197,12461.1412,12778.4627,13095.7842,13413.1057,13730.4272,14047.7486,14365.0701,14682.3916,14999.7131,15317.0346,15634.3560,15951.6775,16268.9990,16586.3205,16903.6420,
1349.5861,1672.2087,1994.8313,2317.4539,2640.0764,2962.6990,3285.3216,3607.9442,3930.5668,4253.1893,4575.8119,4898.4345,5221.0571,5543.6797,5866.3023,6188.9248,6511.5474,6834.1700,7156.7926,7479.4152,7802.0377,8124.6603,8447.2829,8769.9055,9092.5281,9415.1507,9737.7732,10060.3958,10383.0184,10705.6410,11028.2636,11350.8861,11673.5087,11996.1313,12318.7539,12641.3765,12963.9990,13286.6216,13609.2442,13931.8668,14254.4894,14577.1120,14899.7345,15222.3571,15544.9797,15867.6023,16190.2249,16512.8474,16835.4700,17158.0926,
1344.0480,1671.1865,1998.3250,2325.4636,2652.6021,2979.7406,3306.8791,3634.0177,3961.1562,4288.2947,4615.4332,4942.5717,5269.7103,5596.8488,5923.9873,6251.1258,6578.2643,6905.4029,7232.5414,7559.6799,7886.8184,8213.9569,8541.0955,8868.2340,9195.3725,9522.5110,9849.6495,10176.7881,10503.9266,10831.0651,11158.2036,11485.3421,11812.4807,12139.6192,12466.7577,12793.8962,13121.0347,13448.1733,13775.3118,14102.4503,14429.5888,14756.7274,15083.8659,15411.0044,15738.1429,16065.2814,16392.4200,16719.5585,17046.6970,17373.8355,
1338.1062,1669.0202,1999.9342,2330.8482,2661.7622,2992.6762,3323.5902,3654.5042,3985.4182,4316.3322,4647.2462,4978.1602,5309.0742,5639.9882,5970.9022,6301.8161,6632.7301,6963.6441,7294.5581,7625.4721,7956.3861,8287.3001,8618.2141,8949.1281,9280.0421,9610.9561,9941.8701,10272.7841,10603.6981,10934.6121,11265.5261,11596.4401,11927.3541,12258.2681,12589.1821,12920.0961,13251.0101,13581.9240,13912.8380,14243.7520,14574.6660,14905.5800,15236.4940,15567.4080,15898.3220,16229.2360,16560.1500,16891.0640,17221.9780,17552.8920,
1331.8822,1665.9543,2000.0264,2334.0985,2668.1707,3002.2428,3336.3149,3670.3870,4004.4591,4338.5312,4672.6033,5006.6755,5340.7476,5674.8197,6008.8918,6342.9639,6677.0360,7011.1081,7345.1803,7679.2524,8013.3245,8347.3966,8681.4687,9015.5408,9349.6129,9683.6851,10017.7572,10351.8293,10685.9014,11019.9735,11354.0456,11688.1177,12022.1899,12356.2620,12690.3341,13024.4062,13358.4783,13692.5504,14026.6225,14360.6947,14694.7668,15028.8389,15362.9110,15696.9831,16031.0552,16365.1273,16699.1995,17033.2716,17367.3437,17701.4158,
1325.1912,1661.8108,1998.4304,2335.0499,2671.6695,3008.2891,3344.9086,3681.5282,4018.1478,4354.7673,4691.3869,5028.0064,5364.6260,5701.2456,6037.8651,6374.4847,6711.1043,7047.7238,7384.3434,7720.9629,8057.5825,8394.2021,8730.8216,9067.4412,9404.0608,9740.6803,10077.2999,10413.9194,10750.5390,11087.1586,11423.7781,11760.3977,12097.0173,12433.6368,12770.2564,13106.8759,13443.4955,13780.1151,14116.7346,14453.3542,14789.9738,15126.5933,15463.2129,15799.8325,16136.4520,16473.0716,16809.6911,17146.3107,17482.9303,17819.5498,
1318.1227,1656.7657,1995.4087,2334.0517,2672.6947,3011.3376,3349.9806,3688.6236,4027.2666,4365.9096,4704.5526,5043.1956,5381.8386,5720.4816,6059.1246,6397.7676,6736.4106,7075.0536,7413.6966,7752.3395,8090.9825,8429.6255,8768.2685,9106.9115,9445.5545,9784.1975,10122.8405,10461.4835,10800.1265,11138.7695,11477.4125,11816.0555,12154.6984,12493.3414,12831.9844,13170.6274,13509.2704,13847.9134,14186.5564,14525.1994,14863.8424,15202.4854,15541.1284,15879.7714,16218.4144,16557.0574,16895.7003,17234.3433,17572.9863,17911.6293,
1310.6957,1650.8922,1991.0888,2331.2854,2671.4819,3011.6785,3351.8751,3692.0716,4032.2682,4372.4647,4712.6613,5052.8579,5393.0544,5733.2510,6073.4476,6413.6441,6753.8407,7094.0373,7434.2338,7774.4304,8114.6270,8454.8235,8795.0201,9135.2167,9475.4132,9815.6098,10155.8064,10496.0029,10836.1995,11176.3961,11516.5926,11856.7892,12196.9858,12537.1823,12877.3789,13217.5755,13557.7720,13897.9686,14238.1652,14578.3617,14918.5583,15258.7549,15598.9514,15939.1480,16279.3446,16619.5411,16959.7377,17299.9343,17640.1308,17980.3274,
1302.9382,1644.2682,1985.5983,2326.9283,2668.2584,3009.5884,3350.9184,3692.2485,4033.5785,4374.9086,4716.2386,5057.5687,5398.8987,5740.2288,6081.5588,6422.8889,6764.2189,7105.5489,7446.8790,7788.2090,8129.5391,8470.8691,8812.1992,9153.5292,9494.8593,9836.1893,10177.5194,10518.8494,10860.1794,11201.5095,11542.8395,11884.1696,12225.4996,12566.8297,12908.1597,13249.4898,13590.8198,13932.1499,14273.4799,14614.8100,14956.1400,15297.4700,15638.8001,15980.1301,16321.4602,16662.7902,17004.1203,17345.4503,17686.7804,18028.1104,

1.0000
1432.0712,1782.0123,2131.9533,2481.8943,2831.8353,3181.7764,3531.7174,3881.6584,4231.5994,4581.5405,4931.4815,5281.4225,5631.3635,5981.3046,6331.2456,6681.1866,7031.1276,7381.0687,7731.0097,8080.9507,8430.8917,8780.8328,9130.7738,9480.7148,9830.6558,10180.5968,10530.5379,10880.4789,11230.4199,11580.3609,11930.3020,12280.2430,12630.1840,12980.1250,13330.0661,13680.0071,14029.9481,14379.8891,14729.8302,15079.7712,15429.7122,15779.6532,16129.5943,16479.5353,16829.4763,17179.4173,17529.3584,17879.2994,18229.2404,18579.1814,
1432.4175,1789.1800,2145.9425,2502.7051,2859.4676,3216.2302,3572.9927,3929.7552,4286.5178,4643.2803,5000.0429,5356.8054,5713.5680,6070.3305,6427.0930,6783.8556,7140.6181,7497.3807,7854.1432,8210.9057,8567.6683,8924.4308,9281.1934,9637.9559,9994.7184,10351.4810,10708.2435,11065.0061,11421.7686,11778.5312,12135.2937,12492.0562,12848.8188,13205.5813,13562.3439,13919.1064,14275.8689,14632.6315,14989.3940,15346.1566,15702.9191,16059.6816,16416.4442,16773.2067,17129.9693,17486.7318,17843.4944,18200.2569,18557.0194,18913.7820,
1432.1989,1794.9241,2157.6492,2520.3744,2883.0996,3245.8248,3608.5500,3971.2752,4334.0003,4696.7255,5059.4507,5422.1759,5784.9011,6147.6262,6510.3514,6873.0766,7235.8018,7598.5270,7961.2521,8323.9773,8686.7025,9049.4277,9412.1529,9774.8781,10137.6032,10500.3284,10863.0536,11225.7788,11588.5040,11951.2291,12313.9543,12676.6795,13039.4047,13402.1299,13764.8550,14127.5802,14490.3054,14853.0306,15215.7558,15578.4810,15941.2061,16303.9313,16666.6565,17029.3817,17392.1069,17754.8320,18117.5572,18480.2824,18843.0076,19205.7328,
1431.2510,1799.1209,2166.9908,2534.8608,2902.7307,3270.6006,3638.4705,4006.3404,4374.2103,4742.0802,5109.9501,5477.8200,5845.6900,6213.5599,6581.4298,6949.2997,7317.1696,7685.0395,8052.9094,8420.7793,8788.6493,9156.5192,9524.3891,9892.2590,10260.1289,10627.9988,10995.8687,11363.7386,11731.6086,12099.4785,12467.3484,12835.2183,13203.0882,13570.9581,13938.8280,14306.6979,14674.5679,15042.4378,15410.3077,15778.1776,16146.0475,16513.9174,16881.7873,17249.6572,17617.5272,17985.3971,18353.2670,18721.1369,19089.0068,19456.8767,
1429.5332,1801.7948,2174.0564,2546.3179,2918.5795,3290.8411,3663.1026,4035.3642,4407.6258,4779.8874,5152.1489,5524.4105,5896.6721,6268.9336,6641.1952,7013.4568,7385.7184,7757.9799,8130.2415,8502.5031,8874.7646,9247.0262,9619.2878,9991.5494,10363.8109,10736.0725,11108.3341,11480.5956,11852.8572,12225.1188,12597.3804,12969.6419,13341.9035,13714.1651,14086.4267,14458.6882,14830.9498,15203.2114,15575.4729,15947.7345,16319.9961,16692.2577,17064.5192,17436.7808,17809.0424,18181.3039,18553.5655,18925.8271,19298.0887,19670.3502,
1427.2265,1803.2518,2179.2771,2555.3023,2931.3276,3307.3528,3683.3781,4059.4034,4435.4286,4811.4539,5187.4792,5563.5044,5939.5297,6315.5550,6691.5802,7067.6055,7443.6308,7819.6560,8195.6813,8571.7065,8947.7318,9323.7571,9699.7823,10075.8076,10451.8329,10827.8581,11203.8834,11579.9087,11955.9339,12331.9592,12707.9844,13084.0097,13460.0350,13836.0602,14212.0855,14588.1108,14964.1360,15340.1613,15716.1866,16092.2118,16468.2371,16844.2624,17220.2876,17596.3129,17972.3381,18348.3634,18724.3887,19100.4139,19476.4392,19852.4645,
1424.1593,1803.3170,2182.4747,2561.6324,2940.7901,3319.9479,3699.1056,4078.2633,4457.4210,4836.5787,5215.7364,5594.8942,5974.0519,6353.2096,6732.3673,7111.5250,7490.6827,7869.8404,8248.9982,8628.1559,9007.3136,9386.4713,9765.6290,10144.7867,10523.9445,10903.1022,11282.2599,11661.4176,12040.5753,12419.7330,12798.8908,13178.0485,13557.2062,13936.3639,14315.5216,14694.6793,15073.8371,15452.9948,15832.1525,16211.3102,16590.4679,16969.6256,17348.7834,17727.9411,18107.0988,18486.2565,18865.4142,19244.5719,19623.7297,20002.8874,
1420.4564,1802.2023,2183.9482,2565.6941,2947.4400,3329.1859,3710.9319,4092.6778,4474.4237,4856.1696,5237.9155,5619.6614,6001.4073,6383.1532,6764.8991,7146.6450,7528.3909,7910.1369,8291.8828,8673.6287,9055.3746,9437.1205,9818.8664,10200.6123,10582.3582,10964.1041,11345.8500,11727.5959,12109.3419,12491.0878,12872.8337,13254.5796,13636.3255,14018.0714,14399.8173,14781.5632,15163.3091,15545.0550,15926.8009,16308.5469,16690.2928,17072.0387,17453.7846,17835.5305,18217.2764,18599.0223,18980.7682,19362.5141,19744.2600,20126.0059,
1416.0562,1799.8638,2183.6714,2567.4790,2951.2866,3335.0942,3718.9018,4102.7094,4486.5170,4870.3246,5254.1322,5637.9399,6021.7475,6405.5551,6789.3627,7173.1703,7556.9779,7940.7855,8324.5931,8708.4007,9092.2083,9476.0159,9859.8235,10243.6311,10627.4388,11011.2464,11395.0540,11778.8616,12162.6692,12546.4768,12930.2844,13314.0920,13697.8996,14081.7072,14465.5148,14849.3224,15233.1301,15616.9377,16000.7453,16384.5529,16768.3605,17152.1681,17535.9757,17919.7833,18303.5909,18687.3985,19071.2061,19455.0137,19838.8213,20222.6290,

1.1000
1507.8333,1888.9580,2270.0826,2651.2073,3032.3320,3413.4566,3794.5813,4175.7060,4556.8306,4937.9553,5319.0800,5700.2046,6081.3293,6462.4540,6843.5786,7224.7033,7605.8280,7986.9526,8368.0773,8749.2019,9130.3266,9511.4513,9892.5759,10273.7006,10654.8253,11035.9499,11417.0746,11798.1993,12179.3239,12560.4486,12941.5733,13322.6979,13703.8226,14084.9473,14466.0719,14847.1966,15228.3213,15609.4459,15990.5706,16371.6952,16752.8199,17133.9446,17515.0692,17896.1939,18277.3186,18658.4432,19039.5679,19420.6926,19801.8172,20182.9419,
1513.7084,1903.1854,2292.6624,2682.1395,3071.6165,3461.0935,3850.5706,4240.0476,4629.5247,5019.0017,5408.4787,5797.9558,6187.4328,6576.9098,6966.3869,7355.8639,7745.3410,8134.8180,8524.2950,8913.7721,9303.2491,9692.7261,10082.2032,10471.6802,10861.1573,11250.6343,11640.1113,12029.5884,12419.0654,12808.5424,13198.0195,13587.4965,13976.9736,14366.4506,14755.9276,15145.4047,15534.8817,15924.3587,16313.8358,16703.3128,17092.7899,17482.2669,17871.7439,18261.2210,18650.6980,19040.1750,19429.6521,19819.1291,20208.6061,20598.0832,
1518.6490,1915.5275,2312.4060,2709.2845,3106.1630,3503.0416,3899.9201,4296.7986,4693.6771,5090.5556,5487.4342,5884.3127,6281.1912,6678.0697,7074.9482,7471.8268,7868.7053,8265.5838,8662.4623,9059.3409,9456.2194,9853.0979,10249.9764,10646.8549,11043.7335,11440.6120,11837.4905,12234.3690,12631.2475,13028.1261,13425.0046,13821.8831,14218.7616,14615.6402,15012.5187,15409.3972,15806.2757,16203.1542,16600.0328,16996.9113,17393.7898,17790.6683,18187.5468,18584.4254,18981.3039,19378.1824,19775.0609,20171.9395,20568.8180,20965.6965,
1522.5788,1925.9738,2329.3688,2732.7638,3136.1589,3539.5539,3942.9489,4346.3439,4749.7390,5153.1340,5556.5290,5959.9240,6363.3191,6766.7141,7170.1091,7573.5041,7976.8992,8380.2942,8783.6892,9187.0842,9590.4793,9993.8743,10397.2693,10800.6643,11204.0594,11607.4544,12010.8494,12414.2444,12817.6395,13221.0345,13624.4295,14027.8245,14431.2196,14834.6146,15238.0096,15641.4046,16044.7997,16448.1947,16851.5897,17254.9847,17658.3798,18061.7748,18465.1698,18868.5648,19271.9598,19675.3549,20078.7499,20482.1449,20885.5399,21288.9350,
1525.5635,1934.6867,2343.8098,2752.9330,3162.0562,3571.1793,3980.3025,4389.4257,4798.5489,5207.6720,5616.7952,6025.9184,6435.0415,6844.1647,7253.2879,7662.4110,8071.5342,8480.6574,8889.7806,9298.9037,9708.0269,10117.1501,10526.2732,10935.3964,11344.5196,11753.6427,12162.7659,12571.8891,12981.0123,13390.1354,13799.2586,14208.3818,14617.5049,15026.6281,15435.7513,15844.8744,16253.9976,16663.1208,17072.2439,17481.3671,17890.4903,18299.6135,18708.7366,19117.8598,19526.9830,19936.1061,20345.2293,20754.3525,21163.4756,21572.5988,
1527.6072,1941.7332,2355.8593,2769.9853,3184.1114,3598.2374,4012.3635,4426.4895,4840.6156,5254.7416,5668.8677,6082.9937,6497.1198,6911.2458,7325.3719,7739.4979,8153.6240,8567.7500,8981.8761,9396.0021,9810.1282,10224.2542,10638.3803,11052.5063,11466.6324,11880.7584,12294.8845,12709.0105,13123.1366,13537.2626,13951.3887,14365.5147,14779.6408,15193.7668,15607.8929,16022.0189,16436.1450,16850.2710,17264.3971,17678.5231,18092.6492,18506.7752,18920.9013,19335.0273,19749.1534,20163.2794,20577.4055,20991.5315,21405.6576,21819.7836,
1528.6292,1947.0574,2365.4856,2783.9139,3202.3421,3620.7703,4039.1985,4457.6268,4876.0550,5294.4832,5712.9115,6131.3397,6549.7679,6968.1961,7386.6244,7805.0526,8223.4808,8641.9091,9060.3373,9478.7655,9897.1937,10315.6220,10734.0502,11152.4784,11570.9067,11989.3349,12407.7631,12826.1913,13244.6196,13663.0478,14081.4760,14499.9043,14918.3325,15336.7607,15755.1889,16173.6172,16592.0454,17010.4736,17428.9019,17847.3301,18265.7583,18684.1865,19102.6148,19521.0430,19939.4712,20357.8995,20776.3277,21194.7559,21613.1841,22031.6124,
1528.6612,1950.7446,2372.8281,2794.9116,3216.9951,3639.0786,4061.1620,4483.2455,4905.3290,5327.4125,5749.4960,6171.5794,6593.6629,7015.7464,7437.8299,7859.9134,8281.9968,8704.0803,9126.1638,9548.2473,9970.3308,10392.4142,10814.4977,11236.5812,11658.6647,12080.7482,12502.8316,12924.9151,13346.9986,13769.0821,14191.1656,14613.2490,15035.3325,15457.4160,15879.4995,16301.5830,16723.6664,17145.7499,17567.8334,17989.9169,18412.0004,18834.0838,19256.1673,19678.2508,20100.3343,20522.4178,20944.5012,21366.5847,21788.6682,22210.7517,
1527.9670,1953.1834,2378.3997,2803.6161,3228.8324,3654.0487,4079.2651,4504.4814,4929.6978,5354.9141,5780.1305,6205.3468,6630.5631,7055.7795,7480.9958,7906.2122,8331.4285,8756.6449,9181.8612,9607.0776,10032.2939,10457.5102,10882.7266,11307.9429,11733.1593,12158.3756,12583.5920,13008.8083,13434.0247,13859.2410,14284.4573,14709.6737,15134.8900,15560.1064,15985.3227,16410.5391,16835.7554,17260.9717,17686.1881,18111.4044,18536.6208,18961.8371,19387.0535,19812.2698,20237.4862,20662.7025,21087.9188,21513.1352,21938.3515,22363.5679,

1.2000
1581.9160,1992.9069,2403.8978,2814.8888,3225.8797,3636.8706,4047.8615,4458.8525,4869.8434,5280.8343,5691.8252,6102.8162,6513.8071,6924.7980,7335.7889,7746.7798,8157.7708,8568.7617,8979.7526,9390.7435,9801.7345,10212.7254,10623.7163,11034.7072,11445.6982,11856.6891,12267.6800,12678.6709,13089.6618,13500.6528,13911.6437,14322.6346,14733.6255,15144.6165,15555.6074,15966.5983,16377.5892,16788.5801,17199.5711,17610.5620,18021.5529,18432.5438,18843.5348,19254.5257,19665.5166,20076.5075,20487.4985,20898.4894,21309.4803,21720.4712,
1593.0902,2013.9276,2434.7651,2855.6025,3276.4400,3697.2774,4118.1149,4538.9523,4959.7898,5380.6272,5801.4647,6222.3021,6643.1396,7063.9770,7484.8145,7905.6519,8326.4894,8747.3268,9168.1643,9589.0017,10009.8392,10430.6767,10851.5141,11272.3516,11693.1890,12114.0265,12534.8639,12955.7014,13376.5388,13797.3763,14218.2137,14639.0512,15059.8886,15480.7261,15901.5635,16322.4010,16743.2384,17164.0759,17584.9133,18005.7508,18426.5882,18847.4257,19268.2631,19689.1006,20109.9381,20530.7755,20951.6130,21372.4504,21793.2879,22214.1253,
1603.0869,2032.7662,2462.4455,2892.1248,3321.8041,3751.4834,4181.1628,4610.8421,5040.5214,5470.2007,5899.8800,6329.5594,6759.2387,7188.9180,7618.5973,8048.2766,8477.9559,8907.6353,9337.3146,9766.9939,10196.6732,10626.3525,11056.0318,11485.7112,11915.3905,12345.0698,12774.7491,13204.4284,13634.1077,14063.7871,14493.4664,14923.1457,15352.8250,15782.5043,16212.1837,16641.8630,17071.5423,17501.2216,17930.9009,18360.5802,18790.2596,19219.9389,19649.6182,20079.2975,20508.9768,20938.6561,21368.3355,21798.0148,22227.6941,22657.3734,
1611.9366,2049.5507,2487.1649,2924.7790,3362.3932,3800.0073,4237.6214,4675.2356,5112.8497,5550.4638,5988.0780,6425.6921,6863.3063,7300.9204,7738.5345,8176.1487,8613.7628,9051.3769,9488.9911,9926.6052,10364.2194,10801.8335,11239.4476,11677.0618,12114.6759,12552.2900,12989.9042,13427.5183,13865.1324,14302.7466,14740.3607,15177.9749,15615.5890,16053.2031,16490.8173,16928.4314,17366.0455,17803.6597,18241.2738,18678.8880,19116.5021,19554.1162,19991.7304,20429.3445,20866.9586,21304.5728,21742.1869,22179.8011,22617.4152,23055.0293,
1619.5106,2064.1811,2508.8516,2953.5221,3398.1927,3842.8632,4287.5337,4732.2042,5176.8748,5621.5453,6066.2158,6510.8863,6955.5569,7400.2274,7844.8979,8289.5684,8734.2390,9178.9095,9623.5800,10068.2505,10512.9210,10957.5916,11402.2621,11846.9326,12291.6031,12736.2737,13180.9442,13625.6147,14070.2852,14514.9558,14959.6263,15404.2968,15848.9673,16293.6378,16738.3084,17182.9789,17627.6494,18072.3199,18516.9905,18961.6610,19406.3315,19851.0020,20295.6726,20740.3431,21185.0136,21629.6841,22074.3547,22519.0252,22963.6957,23408.3662,
1625.9173,2076.8611,2527.8049,2978.7487,3429.6925,3880.6363,4331.5800,4782.5238,5233.4676,5684.4114,6135.3552,6586.2989,7037.2427,7488.1865,7939.1303,8390.0741,8841.0178,9291.9616,9742.9054,10193.8492,10644.7930,11095.7367,11546.6805,11997.6243,12448.5681,12899.5119,13350.4556,13801.3994,14252.3432,14703.2870,15154.2308,15605.1745,16056.1183,16507.0621,16958.0059,17408.9497,17859.8935,18310.8372,18761.7810,19212.7248,19663.6686,20114.6124,20565.5561,21016.4999,21467.4437,21918.3875,22369.3313,22820.2750,23271.2188,23722.1626,
1631.0735,2087.5289,2543.9842,3000.4396,3456.8950,3913.3503,4369.8057,4826.2611,5282.7164,5739.1718,6195.6271,6652.0825,7108.5379,7564.9932,8021.4486,8477.9040,8934.3593,9390.8147,9847.2701,10303.7254,10760.1808,11216.6361,11673.0915,12129.5469,12586.0022,13042.4576,13498.9130,13955.3683,14411.8237,14868.2790,15324.7344,15781.1898,16237.6451,16694.1005,17150.5559,17607.0112,18063.4666,18519.9220,18976.3773,19432.8327,19889.2880,20345.7434,20802.1988,21258.6541,21715.1095,22171.5649,22628.0202,23084.4756,23540.9310,23997.3863,
1635.1309,2096.4281,2557.7254,3019.0226,3480.3199,3941.6171,4402.9144,4864.2116,5325.5089,5786.8061,6248.1034,6709.4006,7170.6979,7631.9951,8093.2924,8554.5896,9015.8869,9477.1841,9938.4814,10399.7786,10861.0759,11322.3731,11783.6704,12244.9676,12706.2649,13167.5621,13628.8593,14090.1566,14551.4538,15012.7511,15474.0483,15935.3456,16396.6428,16857.9401,17319.2373,17780.5346,18241.8318,18703.1291,19164.4263,19625.7236,20087.0208,20548.3181,21009.6153,21470.9126,21932.2098,22393.5071,22854.8043,23316.1016,23777.3988,24238.6961,
1638.0261,2103.5095,2568.9928,3034.4762,3499.9596,3965.4429,4430.9263,4896.4096,5361.8930,5827.3763,6292.8597,6758.3430,7223.8264,7689.3097,8154.7931,8620.2764,9085.7598,9551.2431,10016.7265,10482.2098,10947.6932,11413.1765,11878.6599,12344.1433,12809.6266,13275.1100,13740.5933,14206.0767,14671.5600,15137.0434,15602.5267,16068.0101,16533.4934,16998.9768,17464.4601,17929.9435,18395.4268,18860.9102,19326.3935,19791.8769,20257.3603,20722.8436,21188.3270,21653.8103,22119.2937,22584.7770,23050.2604,23515.7437,23981.2271,24446.7104,

1.3000
1654.2317,2093.8910,2533.5503,2973.2096,3412.8689,3852.5282,4292.1875,4731.8468,5171.5061,5611.1654,6050.8247,6490.4840,6930.1433,7369.8026,7809.4619,8249.1212,8688.7805,9128.4398,9568.0991,10007.7584,10447.4177,10887.0770,11326.7363,11766.3957,12206.0550,12645.7143,13085.3736,13525.0329,13964.6922,14404.3515,14844.0108,15283.6701,15723.3294,16162.9887,16602.6480,17042.3073,17481.9666,17921.6259,18361.2852,18800.9445,19240.6038,19680.2631,20119.9224,20559.5817,20999.2410,21438.9003,21878.5596,22318.2189,22757.8782,23197.5375,
1670.5570,2121.5398,2572.5225,3023.5052,3474.4879,3925.4707,4376.4534,4827.4361,5278.4188,5729.4015,6180.3843,6631.3670,7082.3497,7533.3324,7984.3152,8435.2979,8886.2806,9337.2633,9788.2461,10239.2288,10690.2115,11141.1942,11592.1769,12043.1597,12494.1424,12945.1251,13396.1078,13847.0906,14298.0733,14749.0560,15200.0387,15651.0214,16102.0042,16552.9869,17003.9696,17454.9523,17905.9351,18356.9178,18807.9005,19258.8832,19709.8659,20160.8487,20611.8314,21062.8141,21513.7968,21964.7796,22415.7623,22866.7450,23317.7277,23768.7105,
1685.6048,2146.8969,2608.1890,3069.4811,3530.7732,3992.0653,4453.3574,4914.6495,5375.9416,5837.2337,6298.5258,6759.8179,7221.1100,7682.4021,8143.6942,8604.9864,9066.2785,9527.5706,9988.8627,10450.1548,10911.4469,11372.7390,11834.0311,12295.3232,12756.6153,13217.9074,13679.1995,14140.4916,14601.7837,15063.0758,15524.3680,15985.6601,16446.9522,16908.2443,17369.5364,17830.8285,18292.1206,18753.4127,19214.7048,19675.9969,20137.2890,20598.5811,21059.8732,21521.1653,21982.4574,22443.7496,22905.0417,23366.3338,23827.6259,24288.9180,
1699.2041,2169.8187,2640.4333,3111.0479,3581.6624,4052.2770,4522.8916,4993.5062,5464.1207,5934.7353,6405.3499,6875.9645,7346.5791,7817.1936,8287.8082,8758.4228,9229.0374,9699.6519,10170.2665,10640.8811,11111.4957,11582.1102,12052.7248,12523.3394,12993.9540,13464.5685,13935.1831,14405.7977,14876.4123,15347.0268,15817.6414,16288.2560,16758.8706,17229.4851,17700.0997,18170.7143,18641.3289,19111.9435,19582.5580,20053.1726,20523.7872,20994.4018,21465.0163,21935.6309,22406.2455,22876.8601,23347.4746,23818.0892,24288.7038,24759.3184,
1711.3243,2190.3329,2669.3415,3148.3501,3627.3587,4106.3673,4585.3759,5064.3845,5543.3931,6022.4017,6501.4103,6980.4188,7459.4274,7938.4360,8417.4446,8896.4532,9375.4618,9854.4704,10333.4790,10812.4876,11291.4962,11770.5048,12249.5133,12728.5219,13207.5305,13686.5391,14165.5477,14644.5563,15123.5649,15602.5735,16081.5821,16560.5907,17039.5993,17518.6078,17997.6164,18476.6250,18955.6336,19434.6422,19913.6508,20392.6594,20871.6680,21350.6766,21829.6852,22308.6938,22787.7023,23266.7109,23745.7195,24224.7281,24703.7367,25182.7453,
1722.0815,2208.6512,2695.2209,3181.7905,3668.3602,4154.9299,4641.4995,5128.0692,5614.6388,6101.2085,6587.7782,7074.3478,7560.9175,8047.4872,8534.0568,9020.6265,9507.1961,9993.7658,10480.3355,10966.9051,11453.4748,11940.0445,12426.6141,12913.1838,13399.7534,13886.3231,14372.8928,14859.4624,15346.0321,15832.6018,16319.1714,16805.7411,17292.3107,17778.8804,18265.4501,18752.0197,19238.5894,19725.1591,20211.7287,20698.2984,21184.8680,21671.4377,22158.0074,22644.5770,23131.1467,23617.7164,24104.2860,24590.8557,25077.4254,25563.9950,
1731.3879,2224.7038,2718.0197,3211.3355,3704.6514,4197.9673,4691.2831,5184.5990,5677.9149,6171.2307,6664.5466,7157.8624,7651.1783,8144.4942,8637.8100,9131.1259,9624.4418,10117.7576,10611.0735,11104.3893,11597.7052,12091.0211,12584.3369,13077.6528,13570.9687,14064.2845,14557.6004,15050.9163,15544.2321,16037.5480,16530.8638,17024.1797,17517.4956,18010.8114,18504.1273,18997.4432,19490.7590,19984.0749,20477.3907,20970.7066,21464.0225,21957.3383,22450.6542,22943.9701,23437.2859,23930.6018,24423.9176,24917.2335,25410.5494,25903.8652,
1739.2815,2238.5811,2737.8807,3237.1802,3736.4798,4235.7794,4735.0790,5234.3786,5733.6782,6232.9778,6732.2773,7231.5769,7730.8765,8230.1761,8729.4757,9228.7753,9728.0748,10227.3744,10726.6740,11225.9736,11725.2732,12224.5728,12723.8723,13223.1719,13722.4715,14221.7711,14721.0707,15220.3703,15719.6698,16218.9694,16718.2690,17217.5686,17716.8682,18216.1678,18715.4674,19214.7669,19714.0665,20213.3661,20712.6657,21211.9653,21711.2649,22210.5644,22709.8640,23209.1636,23708.4632,24207.7628,24707.0624,25206.3619,25705.6615,26204.9611,
1745.9377,2250.5507,2755.1636,3259.7766,3764.3896,4269.0026,4773.6155,5278.2285,5782.8415,6287.4544,6792.0674,7296.6804,7801.2933,8305.9063,8810.5193,9315.1323,9819.7452,10324.3582,10828.9712,11333.5841,11838.1971,12342.8101,12847.4231,13352.0360,13856.6490,14361.2620,14865.8749,15370.4879,15875.1009,16379.7138,16884.3268,17388.9398,17893.5528,18398.1657,18902.7787,19407.3917,19912.0046,20416.6176,20921.2306,21425.8435,21930.4565,22435.0695,22939.6825,23444.2954,23948.9084,24453.5214,24958.1343,25462.7473,25967.3603,26471.9732,

1.4000
1724.6964,2191.9090,2659.1216,3126.3341,3593.5467,4060.7593,4527.9719,4995.1845,5462.3971,5929.6096,6396.8222,6864.0348,7331.2474,7798.4600,8265.6725,8732.8851,9200.0977,9667.3103,10134.5229,10601.7355,11068.9480,11536.1606,12003.3732,12470.5858,12937.7984,13405.0109,13872.2235,14339.4361,14806.6487,15273.8613,15741.0739,16208.2864,16675.4990,17142.7116,17609.9242,18077.1368,18544.3493,19011.5619,19478.7745,19945.9871,20413.1997,20880.4123,21347.6248,21814.8374,22282.0500,22749.2626,23216.4752,23683.6877,24150.9003,24618.1129,
1746.1305,2226.1555,2706.1804,3186.2054,3666.2304,4146.2553,4626.2803,5106.3053,5586.3302,6066.3552,6546.3802,7026.4051,7506.4301,7986.4551,8466.4801,8946.5050,9426.5300,9906.5550,10386.5799,10866.6049,11346.6299,11826.6548,12306.6798,12786.7048,13266.7298,13746.7547,14226.7797,14706.8047,15186.8296,15666.8546,16146.8796,16626.9045,17106.9295,17586.9545,18066.9795,18547.0044,19027.0294,19507.0544,19987.0793,20467.1043,20947.1293,21427.1542,21907.1792,22387.2042,22867.2292,23347.2541,23827.2791,24307.3041,24787.3290,25267.3540,
1765.9019,2257.6183,2749.3347,3241.0511,3732.7675,4224.4839,4716.2003,5207.9166,5699.6330,6191.3494,6683.0658,7174.7822,7666.4986,8158.2150,8649.9313,9141.6477,9633.3641,10125.0805,10616.7969,11108.5133,11600.2296,12091.9460,12583.6624,13075.3788,13567.0952,14058.8116,14550.5280,15042.2443,15533.9607,16025.6771,16517.3935,17009.1099,17500.8263,17992.5427,18484.2590,18975.9754,19467.6918,19959.4082,20451.1246,20942.8410,21434.5574,21926.2737,22417.9901,22909.7065,23401.4229,23893.1393,24384.8557,24876.5720,25368.2884,25860.0048,
1784.1576,2286.5743,2788.9910,3291.4077,3793.8245,4296.2412,4798.6579,5301.0746,5803.4913,6305.9081,6808.3248,7310.7415,7813.1582,8315.5749,8817.9917,9320.4084,9822.8251,10325.2418,10827.6585,11330.0753,11832.4920,12334.9087,12837.3254,13339.7422,13842.1589,14344.5756,14846.9923,15349.4090,15851.8258,16354.2425,16856.6592,17359.0759,17861.4926,18363.9094,18866.3261,19368.7428,19871.1595,20373.5762,20875.9930,21378.4097,21880.8264,22383.2431,22885.6598,23388.0766,23890.4933,24392.9100,24895.3267,25397.7434,25900.1602,26402.5769,
1800.8780,2313.0638,2825.2496,3337.4354,3849.6211,4361.8069,4873.9927,5386.1785,5898.3642,6410.5500,6922.7358,7434.9215,7947.1073,8459.2931,8971.4789,9483.6646,9995.8504,10508.0362,11020.2220,11532.4077,12044.5935,12556.7793,13068.9651,13581.1508,14093.3366,14605.5224,15117.7082,15629.8939,16142.0797,16654.2655,17166.4512,17678.6370,18190.8228,18703.0086,19215.1943,19727.3801,20239.5659,20751.7517,21263.9374,21776.1232,22288.3090,22800.4948,23312.6805,23824.8663,24337.0521,24849.2378,25361.4236,25873.6094,26385.7952,26897.9809,
1815.9507,2336.9915,2858.0322,3379.0730,3900.1137,4421.1545,4942.1952,5463.2359,5984.2767,6505.3174,7026.3582,7547.3989,8068.4397,8589.4804,9110.5211,9631.5619,10152.6026,10673.6434,11194.6841,11715.7249,12236.7656,12757.8064,13278.8471,13799.8878,14320.9286,14841.9693,15363.0101,15884.0508,16405.0916,16926.1323,17447.1730,17968.2138,18489.2545,19010.2953,19531.3360,20052.3768,20573.4175,21094.4582,21615.4990,22136.5397,22657.5805,23178.6212,23699.6620,24220.7027,24741.7434,25262.7842,25783.8249,26304.8657,26825.9064,27346.9472,
1829.3977,2358.4322,2887.4668,3416.5013,3945.5359,4474.5704,5003.6050,5532.6395,6061.6741,6590.7086,7119.7432,7648.7777,8177.8123,8706.8468,9235.8814,9764.9160,10293.9505,10822.9851,11352.0196,11881.0542,12410.0887,12939.1233,13468.1578,13997.1924,14526.2269,15055.2615,15584.2960,16113.3306,16642.3652,17171.3997,17700.4343,18229.4688,18758.5034,19287.5379,19816.5725,20345.6070,20874.6416,21403.6761,21932.7107,22461.7452,22990.7798,23519.8143,24048.8489,24577.8835,25106.9180,25635.9526,26164.9871,26694.0217,27223.0562,27752.0908,
1841.2572,2377.4755,2913.6938,3449.9121,3986.1304,4522.3487,5058.5670,5594.7854,6131.0037,6667.2220,7203.4403,7739.6586,8275.8769,8812.0952,9348.3135,9884.5319,10420.7502,10956.9685,11493.1868,12029.4051,12565.6234,13101.8417,13638.0600,14174.2784,14710.4967,15246.7150,15782.9333,16319.1516,16855.3699,17391.5882,17927.8065,18464.0248,19000.2432,19536.4615,20072.6798,20608.8981,21145.1164,21681.3347,22217.5530,22753.7713,23289.9897,23826.2080,24362.4263,24898.6446,25434.8629,25971.0812,26507.2995,27043.5178,27579.7362,28115.9545,
1851.7128,2394.3983,2937.0839,3479.7695,4022.4551,4565.1407,5107.8263,5650.5119,6193.1975,6735.8830,7278.5686,7821.2542,8363.9398,8906.6254,9449.3110,9991.9966,10534.6821,11077.3677,11620.0533,12162.7389,12705.4245,13248.1101,13790.7957,14333.4813,14876.1668,15418.8524,15961.5380,16504.2236,17046.9092,17589.5948,18132.2804,18674.9660,19217.6515,19760.3371,20303.0227,20845.7083,21388.3939,21931.0795,22473.7651,23016.4506,23559.1362,24101.8218,24644.5074,25187.1930,25729.8786,26272.5642,26815.2498,27357.9353,27900.6209,28443.3065,

