355.0911 355.2380 355.3466 355.4272 355.4868 355.5306 355.5622 355.5841 355.5978 355.6044 355.6044 355.5978 355.5841 355.5622 355.5306 355.4868 355.4272 355.3466 355.2380 355.0911 
332.6552 332.7650 332.8580 332.9355 332.9989 333.0495 333.0886 333.1170 333.1356 333.1447 333.1447 333.1356 333.1170 333.0886 333.0495 332.9989 332.9355 332.8580 332.7650 332.6552 
318.3665 318.4389 318.5024 318.5570 318.6032 318.6410 318.6710 318.6931 318.7078 318.7151 318.7151 318.7078 318.6931 318.6710 318.6410 318.6032 318.5570 318.5024 318.4389 318.3665 
309.2342 309.2810 309.3224 309.3584 309.3892 309.4147 309.4350 309.4502 309.4602 309.4653 309.4653 309.4602 309.4502 309.4350 309.4147 309.3892 309.3584 309.3224 309.2810 309.2342 
303.3914 303.4214 303.4481 303.4714 303.4913 303.5079 303.5212 303.5311 303.5377 303.5411 303.5411 303.5377 303.5311 303.5212 303.5079 303.4913 303.4714 303.4481 303.4214 303.3914 
299.6518 299.6710 299.6881 299.7031 299.7159 299.7266 299.7352 299.7416 299.7459 299.7480 299.7480 299.7459 299.7416 299.7352 299.7266 299.7159 299.7031 299.6881 299.6710 299.6518 
297.2581 297.2704 297.2814 297.2910 297.2992 297.3060 297.3115 297.3157 297.3184 297.3198 297.3198 297.3184 297.3157 297.3115 297.3060 297.2992 297.2910 297.2814 297.2704 297.2581 
295.7258 295.7337 295.7407 295.7469 295.7521 295.7565 295.7600 295.7627 295.7644 295.7653 295.7653 295.7644 295.7627 295.7600 295.7565 295.7521 295.7469 295.7407 295.7337 295.7258 
294.7449 294.7500 294.7545 294.7584 294.7618 294.7646 294.7669 294.7685 294.7697 294.7702 294.7702 294.7697 294.7685 294.7669 294.7646 294.7618 294.7584 294.7545 294.7500 294.7449 
294.1171 294.1203 294.1232 294.1257 294.1279 294.1297 294.1311 294.1322 294.1329 294.1333 294.1333 294.1329 294.1322 294.1311 294.1297 294.1279 294.1257 294.1232 294.1203 294.1171 
293.7152 293.7172 293.7191 293.7207 293.7221 293.7232 293.7242 293.7249 293.7253 293.7255 293.7255 293.7253 293.7249 293.7242 293.7232 293.7221 293.7207 293.7191 293.7172 293.7152 
293.4580 293.4593 293.4605 293.4615 293.4624 293.4631 293.4637 293.4641 293.4644 293.4646 293.4646 293.4644 293.4641 293.4637 293.4631 293.4624 293.4615 293.4605 293.4593 293.4580 
293.2934 293.2942 293.2950 293.2956 293.2962 293.2967 293.2971 293.2973 293.2975 293.2976 293.2976 293.2975 293.2973 293.2971 293.2967 293.2962 293.2956 293.2950 293.2942 293.2934 
293.1881 293.1887 293.1892 293.1896 293.1900 293.1903 293.1905 293.1907 293.1908 293.1909 293.1909 293.1908 293.1907 293.1905 293.1903 293.1900 293.1896 293.1892 293.1887 293.1881 
293.1210 293.1213 293.1216 293.1219 293.1221 293.1223 293.1225 293.1226 293.1227 293.1227 293.1227 293.1227 293.1226 293.1225 293.1223 293.1221 293.1219 293.1216 293.1213 293.1210 
293.0782 293.0785 293.0787 293.0789 293.0790 293.0791 293.0792 293.0793 293.0794 293.0794 293.0794 293.0794 293.0793 293.0792 293.0791 293.0790 293.0789 293.0787 293.0785 293.0782 
293.0514 293.0515 293.0517 293.0518 293.0519 293.0519 293.0520 293.0521 293.0521 293.0521 293.0521 293.0521 293.0521 293.0520 293.0519 293.0519 293.0518 293.0517 293.0515 293.0514 
293.0349 293.0350 293.0351 293.0352 293.0352 293.0353 293.0353 293.0354 293.0354 293.0354 293.0354 293.0354 293.0354 293.0353 293.0353 293.0352 293.0352 293.0351 293.0350 293.0349 
293.0255 293.0255 293.0256 293.0256 293.0257 293.0257 293.0258 293.0258 293.0258 293.0258 293.0258 293.0258 293.0258 293.0258 293.0257 293.0257 293.0256 293.0256 293.0255 293.0255 
293.0212 293.0212 293.0213 293.0213 293.0214 293.0214 293.0214 293.0215 293.0215 293.0215 293.0215 293.0215 293.0215 293.0214 293.0214 293.0214 293.0213 293.0213 293.0212 293.0212 

