353.5899 0.1948  344.9016 0.1669  340.5003 0.1528  337.6669 0.1436  335.6232 0.1371  334.0487 0.1320  332.7832 0.1279  331.7361 0.1246  330.8516 0.1217  330.0932 0.1193  329.4357 0.1172  328.8610 0.1153  328.3558 0.1137  327.9097 0.1123  327.5150 0.1110  327.1653 0.1099  326.8555 0.1089  326.5813 0.1080  326.3395 0.1072  326.1269 0.1065  325.9411 0.1059  325.7801 0.1054  325.6418 0.1050  325.5249 0.1046  325.4278 0.1043  325.3493 0.1040  325.2883 0.1038  325.2438 0.1037  325.2150 0.1036  325.2011 0.1036  
356.0487 0.1687  348.2348 0.1478  344.2176 0.1370  341.6075 0.1301  339.7124 0.1250  338.2453 0.1211  337.0616 0.1179  336.0793 0.1153  335.2475 0.1130  334.5327 0.1111  333.9120 0.1095  333.3687 0.1080  332.8904 0.1067  332.4678 0.1056  332.0934 0.1046  331.7614 0.1037  331.4671 0.1029  331.2065 0.1022  330.9765 0.1016  330.7742 0.1011  330.5974 0.1006  330.4441 0.1002  330.3124 0.0998  330.2010 0.0995  330.1085 0.0993  330.0337 0.0991  329.9755 0.0989  329.9331 0.0988  329.9057 0.0988  329.8924 0.0987  
357.3455 0.1551  350.0206 0.1374  346.2268 0.1283  343.7502 0.1223  341.9462 0.1180  340.5463 0.1146  339.4147 0.1119  338.4741 0.1096  337.6767 0.1077  336.9908 0.1060  336.3947 0.1046  335.8725 0.1033  335.4125 0.1022  335.0058 0.1012  334.6454 0.1004  334.3257 0.0996  334.0421 0.0989  333.7911 0.0983  333.5693 0.0978  333.3743 0.0973  333.2038 0.0969  333.0559 0.0965  332.9289 0.0962  332.8214 0.0960  332.7321 0.0958  332.6599 0.0956  332.6038 0.0955  332.5630 0.0954  332.5364 0.0953  332.5236 0.0953  
358.2037 0.1462  351.2130 0.1305  347.5748 0.1223  345.1927 0.1170  343.4539 0.1131  342.1025 0.1101  341.0087 0.1076  340.0987 0.1056  339.3267 0.1038  338.6622 0.1024  338.0843 0.1011  337.5778 0.0999  337.1316 0.0989  336.7369 0.0980  336.3870 0.0973  336.0765 0.0966  335.8011 0.0959  335.5572 0.0954  335.3417 0.0949  335.1522 0.0945  334.9865 0.0941  334.8427 0.0938  334.7193 0.0935  334.6148 0.0933  334.5280 0.0931  334.4578 0.0929  334.4033 0.0928  334.3635 0.0927  334.3377 0.0927  334.3252 0.0926  
358.8350 0.1396  352.0953 0.1253  348.5755 0.1179  346.2659 0.1130  344.5776 0.1094  343.2638 0.1066  342.1997 0.1043  341.3138 0.1025  340.5616 0.1009  339.9140 0.0995  339.3506 0.0983  338.8566 0.0972  338.4213 0.0963  338.0361 0.0955  337.6946 0.0948  337.3915 0.0941  337.1226 0.0936  336.8844 0.0931  336.6740 0.0926  336.4889 0.0922  336.3270 0.0919  336.1866 0.0916  336.0660 0.0913  335.9639 0.0911  335.8791 0.0909  335.8105 0.0908  335.7573 0.0907  335.7184 0.0906  335.6932 0.0905  335.6810 0.0905  
359.3289 0.1345  352.7886 0.1213  349.3639 0.1143  347.1129 0.1097  345.4655 0.1064  344.1825 0.1038  343.1425 0.1017  342.2763 0.0999  341.5405 0.0984  340.9068 0.0972  340.3553 0.0960  339.8717 0.0951  339.4453 0.0942  339.0681 0.0934  338.7335 0.0927  338.4366 0.0921  338.1731 0.0916  337.9396 0.0911  337.7334 0.0907  337.5520 0.0904  337.3933 0.0900  337.2557 0.0898  337.1374 0.0895  337.0373 0.0893  336.9542 0.0891  336.8870 0.0890  336.8347 0.0889  336.7966 0.0888  336.7719 0.0888  336.7600 0.0887  
359.7314 0.1304  353.3557 0.1179  350.0099 0.1114  347.8079 0.1071  346.1948 0.1039  344.9376 0.1015  343.9181 0.0995  343.0684 0.0978  342.3466 0.0964  341.7247 0.0952  341.1833 0.0941  340.7084 0.0932  340.2897 0.0924  339.9192 0.0917  339.5905 0.0910  339.2988 0.0905  339.0399 0.0899  338.8106 0.0895  338.6079 0.0891  338.4296 0.0888  338.2737 0.0885  338.1384 0.0882  338.0222 0.0880  337.9238 0.0878  337.8421 0.0876  337.7760 0.0875  337.7246 0.0874  337.6872 0.0873  337.6629 0.0873  337.6512 0.0872  
360.0692 0.1269  353.8329 0.1151  350.5544 0.1089  348.3942 0.1048  346.8106 0.1018  345.5756 0.0995  344.5737 0.0976  343.7384 0.0960  343.0286 0.0947  342.4168 0.0935  341.8842 0.0925  341.4170 0.0916  341.0049 0.0908  340.6402 0.0901  340.3167 0.0895  340.0295 0.0890  339.7747 0.0885  339.5488 0.0881  339.3493 0.0877  339.1738 0.0874  339.0202 0.0871  338.8869 0.0868  338.7725 0.0866  338.6756 0.0864  338.5952 0.0863  338.5301 0.0862  338.4795 0.0861  338.4426 0.0860  338.4187 0.0859  338.4071 0.0859  
360.3588 0.1239  354.2431 0.1127  351.0230 0.1068  348.8994 0.1029  347.3414 0.1000  346.1260 0.0978  345.1395 0.0959  344.3168 0.0944  343.6175 0.0931  343.0147 0.0920  342.4898 0.0911  342.0293 0.0902  341.6231 0.0895  341.2636 0.0888  340.9446 0.0882  340.6614 0.0877  340.4101 0.0872  340.1874 0.0868  339.9906 0.0865  339.8175 0.0861  339.6660 0.0859  339.5346 0.0856  339.4217 0.0854  339.3262 0.0852  339.2468 0.0851  339.1826 0.0850  339.1327 0.0849  339.0963 0.0848  339.0727 0.0848  339.0613 0.0848  
360.6113 0.1214  354.6015 0.1106  351.4330 0.1049  349.3417 0.1011  347.8065 0.0984  346.6084 0.0962  345.6356 0.0945  344.8241 0.0930  344.1342 0.0918  343.5395 0.0907  343.0214 0.0898  342.5669 0.0890  342.1659 0.0883  341.8110 0.0876  341.4961 0.0870  341.2165 0.0865  340.9684 0.0861  340.7484 0.0857  340.5541 0.0854  340.3831 0.0851  340.2336 0.0848  340.1038 0.0845  339.9923 0.0843  339.8979 0.0842  339.8195 0.0840  339.7561 0.0839  339.7068 0.0838  339.6709 0.0838  339.6476 0.0837  339.6363 0.0837  
360.8346 0.1191  354.9190 0.1087  351.7965 0.1032  349.7340 0.0996  348.2193 0.0969  347.0367 0.0949  346.0762 0.0932  345.2749 0.0918  344.5934 0.0906  344.0058 0.0895  343.4940 0.0886  343.0449 0.0879  342.6487 0.0872  342.2979 0.0865  341.9866 0.0860  341.7103 0.0855  341.4650 0.0851  341.2476 0.0847  341.0555 0.0844  340.8864 0.0841  340.7386 0.0838  340.6103 0.0836  340.5001 0.0834  340.4067 0.0832  340.3292 0.0831  340.2665 0.0830  340.2178 0.0829  340.1823 0.0828  340.1592 0.0828  340.1481 0.0828  
361.0342 0.1170  355.2032 0.1070  352.1221 0.1017  350.0858 0.0982  348.5896 0.0956  347.4210 0.0936  346.4717 0.0920  345.6795 0.0906  345.0057 0.0895  344.4247 0.0885  343.9185 0.0876  343.4743 0.0868  343.0824 0.0862  342.7354 0.0856  342.4275 0.0850  342.1541 0.0846  341.9114 0.0841  341.6963 0.0838  341.5062 0.0835  341.3389 0.0832  341.1926 0.0829  341.0656 0.0827  340.9566 0.0825  340.8642 0.0823  340.7875 0.0822  340.7255 0.0821  340.6773 0.0820  340.6421 0.0820  340.6193 0.0819  340.6083 0.0819  
361.2142 0.1152  355.4599 0.1055  352.4166 0.1004  350.4040 0.0970  348.9246 0.0945  347.7689 0.0925  346.8298 0.0909  346.0460 0.0896  345.3793 0.0885  344.8042 0.0875  344.3032 0.0867  343.8635 0.0859  343.4755 0.0853  343.1319 0.0847  342.8271 0.0842  342.5564 0.0837  342.3161 0.0833  342.1031 0.0829  341.9149 0.0826  341.7493 0.0823  341.6044 0.0821  341.4786 0.0819  341.3706 0.0817  341.2792 0.0815  341.2032 0.0814  341.1418 0.0813  341.0940 0.0812  341.0592 0.0812  341.0366 0.0811  341.0257 0.0811  
361.3778 0.1136  355.6936 0.1041  352.6848 0.0991  350.6940 0.0958  349.2301 0.0934  348.0862 0.0915  347.1565 0.0899  346.3804 0.0886  345.7201 0.0876  345.1506 0.0866  344.6543 0.0858  344.2187 0.0851  343.8344 0.0844  343.4940 0.0839  343.1920 0.0834  342.9238 0.0829  342.6857 0.0825  342.4747 0.0822  342.2882 0.0819  342.1240 0.0816  341.9805 0.0813  341.8559 0.0811  341.7488 0.0810  341.6582 0.0808  341.5829 0.0807  341.5220 0.0806  341.4747 0.0805  341.4402 0.0804  341.4178 0.0804  341.4070 0.0804  
361.5276 0.1120  355.9078 0.1028  352.9308 0.0980  350.9600 0.0948  349.5105 0.0924  348.3774 0.0905  347.4564 0.0890  346.6874 0.0878  346.0332 0.0867  345.4687 0.0858  344.9769 0.0850  344.5452 0.0843  344.1642 0.0836  343.8268 0.0831  343.5274 0.0826  343.2615 0.0822  343.0254 0.0818  342.8162 0.0814  342.6313 0.0811  342.4685 0.0809  342.3262 0.0806  342.2026 0.0804  342.0965 0.0803  342.0067 0.0801  341.9320 0.0800  341.8716 0.0799  341.8247 0.0798  341.7905 0.0798  341.7683 0.0797  341.7576 0.0797  
361.6655 0.1106  356.1051 0.1017  353.1576 0.0969  351.2054 0.0938  349.7692 0.0915  348.6462 0.0897  347.7333 0.0882  346.9710 0.0870  346.3223 0.0859  345.7626 0.0850  345.2749 0.0842  344.8467 0.0835  344.4688 0.0829  344.1342 0.0824  343.8372 0.0819  343.5735 0.0815  343.3393 0.0811  343.1318 0.0808  342.9484 0.0805  342.7869 0.0802  342.6457 0.0800  342.5231 0.0798  342.4179 0.0796  342.3287 0.0795  342.2547 0.0794  342.1948 0.0793  342.1482 0.0792  342.1143 0.0791  342.0923 0.0791  342.0816 0.0791  
361.7931 0.1093  356.2880 0.1006  353.3677 0.0959  351.4330 0.0929  350.0091 0.0906  348.8956 0.0888  347.9902 0.0874  347.2340 0.0862  346.5905 0.0852  346.0353 0.0843  345.5514 0.0835  345.1266 0.0828  344.7516 0.0823  344.4196 0.0817  344.1249 0.0813  343.8632 0.0808  343.6308 0.0805  343.4248 0.0801  343.2428 0.0799  343.0826 0.0796  342.9424 0.0794  342.8208 0.0792  342.7163 0.0790  342.6278 0.0789  342.5543 0.0788  342.4949 0.0787  342.4487 0.0786  342.4150 0.0785  342.3931 0.0785  342.3826 0.0785  
361.9117 0.1081  356.4580 0.0996  353.5634 0.0950  351.6448 0.0920  350.2325 0.0898  349.1278 0.0881  348.2295 0.0867  347.4792 0.0855  346.8405 0.0845  346.2895 0.0836  345.8092 0.0829  345.3875 0.0822  345.0153 0.0816  344.6857 0.0811  344.3931 0.0806  344.1333 0.0802  343.9026 0.0799  343.6981 0.0796  343.5174 0.0793  343.3583 0.0790  343.2192 0.0788  343.0984 0.0786  342.9946 0.0785  342.9068 0.0783  342.8338 0.0782  342.7748 0.0781  342.7289 0.0780  342.6954 0.0780  342.6738 0.0779  342.6633 0.0779  
362.0224 0.1070  356.6169 0.0986  353.7462 0.0942  351.8429 0.0912  350.4414 0.0891  349.3450 0.0874  348.4533 0.0860  347.7084 0.0848  347.0744 0.0838  346.5273 0.0830  346.0504 0.0823  345.6316 0.0816  345.2620 0.0810  344.9347 0.0805  344.6442 0.0801  344.3861 0.0797  344.1570 0.0793  343.9539 0.0790  343.7744 0.0787  343.6164 0.0785  343.4782 0.0783  343.3582 0.0781  343.2552 0.0779  343.1679 0.0778  343.0954 0.0777  343.0368 0.0776  342.9912 0.0775  342.9580 0.0775  342.9365 0.0774  342.9260 0.0774  
362.1260 0.1060  356.7658 0.0978  353.9176 0.0934  352.0286 0.0905  350.6374 0.0884  349.5489 0.0867  348.6634 0.0853  347.9237 0.0842  347.2940 0.0832  346.7505 0.0824  346.2768 0.0817  345.8608 0.0810  345.4937 0.0805  345.1685 0.0800  344.8799 0.0795  344.6235 0.0791  344.3959 0.0788  344.1941 0.0785  344.0158 0.0782  343.8588 0.0780  343.7215 0.0778  343.6023 0.0776  343.4999 0.0774  343.4132 0.0773  343.3412 0.0772  343.2829 0.0771  343.2376 0.0770  343.2046 0.0770  343.1832 0.0769  343.1729 0.0769  
362.2234 0.1050  356.9058 0.0969  354.0788 0.0926  352.2034 0.0898  350.8218 0.0877  349.7407 0.0861  348.8611 0.0847  348.1263 0.0836  347.5007 0.0827  346.9607 0.0818  346.4900 0.0811  346.0767 0.0805  345.7119 0.0799  345.3888 0.0795  345.1019 0.0790  344.8472 0.0786  344.6209 0.0783  344.4204 0.0780  344.2432 0.0777  344.0872 0.0775  343.9507 0.0773  343.8322 0.0771  343.7305 0.0769  343.6443 0.0768  343.5727 0.0767  343.5148 0.0766  343.4698 0.0765  343.4370 0.0765  343.4157 0.0765  343.4054 0.0764  
362.3152 0.1041  357.0378 0.0961  354.2310 0.0919  352.3683 0.0891  350.9959 0.0871  349.9218 0.0855  349.0478 0.0841  348.3176 0.0830  347.6959 0.0821  347.1592 0.0813  346.6914 0.0806  346.2806 0.0800  345.9180 0.0794  345.5968 0.0790  345.3117 0.0785  345.0584 0.0782  344.8335 0.0778  344.6342 0.0775  344.4580 0.0773  344.3029 0.0770  344.1672 0.0768  344.0494 0.0766  343.9483 0.0765  343.8626 0.0764  343.7914 0.0763  343.7339 0.0762  343.6891 0.0761  343.6565 0.0760  343.6354 0.0760  343.6251 0.0760  
362.4019 0.1032  357.1626 0.0954  354.3748 0.0913  352.5243 0.0885  351.1606 0.0865  350.0931 0.0849  349.2245 0.0836  348.4986 0.0825  347.8806 0.0816  347.3472 0.0808  346.8821 0.0801  346.4737 0.0795  346.1131 0.0790  345.7937 0.0785  345.5103 0.0781  345.2584 0.0777  345.0348 0.0774  344.8366 0.0771  344.6614 0.0768  344.5072 0.0766  344.3723 0.0764  344.2552 0.0762  344.1546 0.0761  344.0694 0.0759  343.9986 0.0758  343.9414 0.0757  343.8969 0.0757  343.8644 0.0756  343.8434 0.0756  343.8332 0.0756  
362.4840 0.1024  357.2809 0.0947  354.5112 0.0906  352.6722 0.0879  351.3168 0.0859  350.2557 0.0843  349.3921 0.0831  348.6704 0.0820  348.0559 0.0811  347.5255 0.0803  347.0630 0.0796  346.6568 0.0790  346.2983 0.0785  345.9807 0.0780  345.6987 0.0776  345.4483 0.0773  345.2259 0.0769  345.0288 0.0766  344.8545 0.0764  344.7011 0.0762  344.5669 0.0760  344.4504 0.0758  344.3504 0.0756  344.2657 0.0755  344.1953 0.0754  344.1383 0.0753  344.0941 0.0753  344.0618 0.0752  344.0409 0.0752  344.0308 0.0752  
362.5619 0.1016  357.3932 0.0940  354.6408 0.0900  352.8128 0.0873  351.4653 0.0854  350.4102 0.0838  349.5514 0.0826  348.8338 0.0815  348.2226 0.0806  347.6950 0.0799  347.2350 0.0792  346.8310 0.0786  346.4744 0.0781  346.1585 0.0776  345.8780 0.0772  345.6289 0.0768  345.4076 0.0765  345.2115 0.0762  345.0382 0.0760  344.8856 0.0758  344.7521 0.0756  344.6362 0.0754  344.5367 0.0753  344.4524 0.0751  344.3824 0.0750  344.3257 0.0749  344.2817 0.0749  344.2496 0.0748  344.2288 0.0748  344.2187 0.0748  
