358.3247 358.4294 358.5082 358.5681 358.6139 358.6492 358.6765 358.6978 358.7144 358.7272 358.7370 358.7443 358.7495 358.7529 358.7545 358.7545 358.7529 358.7495 358.7443 358.7370 358.7272 358.7144 358.6978 358.6765 358.6492 358.6139 358.5681 358.5082 358.4294 358.3247 
338.3266 338.4121 338.4863 338.5501 338.6047 338.6511 338.6902 338.7229 338.7500 338.7721 338.7898 338.8035 338.8134 338.8199 338.8231 338.8231 338.8199 338.8134 338.8035 338.7898 338.7721 338.7500 338.7229 338.6902 338.6511 338.6047 338.5501 338.4863 338.4121 338.3266 
324.4982 324.5598 324.6154 324.6653 324.7096 324.7487 324.7828 324.8123 324.8374 324.8583 324.8755 324.8889 324.8988 324.9054 324.9087 324.9087 324.9054 324.8988 324.8889 324.8755 324.8583 324.8374 324.8123 324.7828 324.7487 324.7096 324.6653 324.6154 324.5598 324.4982 
314.9017 314.9451 314.9849 315.0212 315.0540 315.0834 315.1094 315.1323 315.1520 315.1687 315.1825 315.1934 315.2015 315.2069 315.2096 315.2096 315.2069 315.2015 315.1934 315.1825 315.1687 315.1520 315.1323 315.1094 315.0834 315.0540 315.0212 314.9849 314.9451 314.9017 
308.2331 308.2635 308.2915 308.3173 308.3407 308.3619 308.3808 308.3975 308.4120 308.4244 308.4347 308.4428 308.4489 308.4530 308.4550 308.4550 308.4530 308.4489 308.4428 308.4347 308.4244 308.4120 308.3975 308.3808 308.3619 308.3407 308.3173 308.2915 308.2635 308.2331 
303.5963 303.6175 303.6372 303.6552 303.6718 303.6867 303.7002 303.7121 303.7224 303.7313 303.7387 303.7446 303.7490 303.7519 303.7534 303.7534 303.7519 303.7490 303.7446 303.7387 303.7313 303.7224 303.7121 303.7002 303.6867 303.6718 303.6552 303.6372 303.6175 303.5963 
300.3714 300.3862 300.3999 300.4125 300.4241 300.4346 300.4440 300.4524 300.4597 300.4660 300.4712 300.4754 300.4785 300.4806 300.4816 300.4816 300.4806 300.4785 300.4754 300.4712 300.4660 300.4597 300.4524 300.4440 300.4346 300.4241 300.4125 300.3999 300.3862 300.3714 
298.1281 298.1384 298.1480 298.1568 298.1648 298.1722 298.1788 298.1846 298.1898 298.1942 298.1978 298.2007 298.2029 298.2044 298.2051 298.2051 298.2044 298.2029 298.2007 298.1978 298.1942 298.1898 298.1846 298.1788 298.1722 298.1648 298.1568 298.1480 298.1384 298.1281 
296.5676 296.5748 296.5814 296.5875 296.5932 296.5983 296.6029 296.6070 296.6105 296.6136 296.6162 296.6182 296.6197 296.6208 296.6213 296.6213 296.6208 296.6197 296.6182 296.6162 296.6136 296.6105 296.6070 296.6029 296.5983 296.5932 296.5875 296.5814 296.5748 296.5676 
295.4820 295.4869 295.4916 295.4958 295.4998 295.5033 295.5065 295.5094 295.5119 295.5140 295.5158 295.5172 295.5183 295.5190 295.5193 295.5193 295.5190 295.5183 295.5172 295.5158 295.5140 295.5119 295.5094 295.5065 295.5033 295.4998 295.4958 295.4916 295.4869 295.4820 
294.7267 294.7302 294.7334 294.7364 294.7391 294.7416 294.7438 294.7458 294.7475 294.7490 294.7502 294.7512 294.7520 294.7525 294.7527 294.7527 294.7525 294.7520 294.7512 294.7502 294.7490 294.7475 294.7458 294.7438 294.7416 294.7391 294.7364 294.7334 294.7302 294.7267 
294.2013 294.2037 294.2059 294.2080 294.2099 294.2116 294.2132 294.2145 294.2157 294.2168 294.2176 294.2183 294.2189 294.2192 294.2194 294.2194 294.2192 294.2189 294.2183 294.2176 294.2168 294.2157 294.2145 294.2132 294.2116 294.2099 294.2080 294.2059 294.2037 294.2013 
293.8357 293.8374 293.8390 293.8404 293.8417 293.8429 293.8440 293.8450 293.8458 293.8465 293.8471 293.8476 293.8480 293.8482 293.8483 293.8483 293.8482 293.8480 293.8476 293.8471 293.8465 293.8458 293.8450 293.8440 293.8429 293.8417 293.8404 293.8390 293.8374 293.8357 
293.5814 293.5826 293.5837 293.5847 293.5856 293.5864 293.5872 293.5878 293.5884 293.5889 293.5893 293.5897 293.5899 293.5901 293.5902 293.5902 293.5901 293.5899 293.5897 293.5893 293.5889 293.5884 293.5878 293.5872 293.5864 293.5856 293.5847 293.5837 293.5826 293.5814 
293.4045 293.4053 293.4061 293.4068 293.4074 293.4080 293.4085 293.4090 293.4094 293.4097 293.4100 293.4102 293.4104 293.4105 293.4106 293.4106 293.4105 293.4104 293.4102 293.4100 293.4097 293.4094 293.4090 293.4085 293.4080 293.4074 293.4068 293.4061 293.4053 293.4045 
293.2814 293.2820 293.2825 293.2830 293.2834 293.2838 293.2842 293.2845 293.2848 293.2850 293.2852 293.2854 293.2855 293.2856 293.2857 293.2857 293.2856 293.2855 293.2854 293.2852 293.2850 293.2848 293.2845 293.2842 293.2838 293.2834 293.2830 293.2825 293.2820 293.2814 
293.1958 293.1962 293.1965 293.1969 293.1972 293.1975 293.1977 293.1979 293.1981 293.1983 293.1985 293.1986 293.1987 293.1987 293.1987 293.1987 293.1987 293.1987 293.1986 293.1985 293.1983 293.1981 293.1979 293.1977 293.1975 293.1972 293.1969 293.1965 293.1962 293.1958 
293.1362 293.1365 293.1367 293.1370 293.1372 293.1374 293.1376 293.1377 293.1379 293.1380 293.1381 293.1382 293.1382 293.1382 293.1383 293.1383 293.1382 293.1382 293.1382 293.1381 293.1380 293.1379 293.1377 293.1376 293.1374 293.1372 293.1370 293.1367 293.1365 293.1362 
293.0948 293.0950 293.0951 293.0953 293.0955 293.0956 293.0957 293.0958 293.0959 293.0960 293.0961 293.0961 293.0962 293.0962 293.0962 293.0962 293.0962 293.0962 293.0961 293.0961 293.0960 293.0959 293.0958 293.0957 293.0956 293.0955 293.0953 293.0951 293.0950 293.0948 
293.0660 293.0661 293.0662 293.0663 293.0664 293.0665 293.0666 293.0667 293.0667 293.0668 293.0669 293.0669 293.0669 293.0669 293.0669 293.0669 293.0669 293.0669 293.0669 293.0669 293.0668 293.0667 293.0667 293.0666 293.0665 293.0664 293.0663 293.0662 293.0661 293.0660 
293.0459 293.0460 293.0461 293.0462 293.0462 293.0463 293.0464 293.0464 293.0465 293.0465 293.0465 293.0466 293.0466 293.0466 293.0466 293.0466 293.0466 293.0466 293.0466 293.0465 293.0465 293.0465 293.0464 293.0464 293.0463 293.0462 293.0462 293.0461 293.0460 293.0459 
293.0320 293.0320 293.0321 293.0322 293.0322 293.0322 293.0323 293.0323 293.0324 293.0324 293.0324 293.0324 293.0324 293.0324 293.0325 293.0325 293.0324 293.0324 293.0324 293.0324 293.0324 293.0324 293.0323 293.0323 293.0322 293.0322 293.0322 293.0321 293.0320 293.0320 
293.0223 293.0223 293.0224 293.0224 293.0225 293.0225 293.0225 293.0225 293.0226 293.0226 293.0226 293.0226 293.0226 293.0226 293.0226 293.0226 293.0226 293.0226 293.0226 293.0226 293.0226 293.0226 293.0225 293.0225 293.0225 293.0225 293.0224 293.0224 293.0223 293.0223 
293.0156 293.0156 293.0156 293.0157 293.0157 293.0157 293.0157 293.0158 293.0158 293.0158 293.0158 293.0158 293.0158 293.0158 293.0158 293.0158 293.0158 293.0158 293.0158 293.0158 293.0158 293.0158 293.0158 293.0157 293.0157 293.0157 293.0157 293.0156 293.0156 293.0156 
293.0109 293.0110 293.0110 293.0110 293.0110 293.0110 293.0110 293.0111 293.0111 293.0111 293.0111 293.0111 293.0111 293.0111 293.0111 293.0111 293.0111 293.0111 293.0111 293.0111 293.0111 293.0111 293.0111 293.0110 293.0110 293.0110 293.0110 293.0110 293.0110 293.0109 
293.0078 293.0078 293.0078 293.0078 293.0078 293.0078 293.0078 293.0078 293.0079 293.0079 293.0079 293.0079 293.0079 293.0079 293.0079 293.0079 293.0079 293.0079 293.0079 293.0079 293.0079 293.0079 293.0078 293.0078 293.0078 293.0078 293.0078 293.0078 293.0078 293.0078 
293.0056 293.0056 293.0056 293.0056 293.0056 293.0057 293.0057 293.0057 293.0057 293.0057 293.0057 293.0057 293.0057 293.0057 293.0057 293.0057 293.0057 293.0057 293.0057 293.0057 293.0057 293.0057 293.0057 293.0057 293.0057 293.0056 293.0056 293.0056 293.0056 293.0056 
293.0042 293.0042 293.0042 293.0042 293.0042 293.0042 293.0042 293.0043 293.0043 293.0043 293.0043 293.0043 293.0043 293.0043 293.0043 293.0043 293.0043 293.0043 293.0043 293.0043 293.0043 293.0043 293.0043 293.0042 293.0042 293.0042 293.0042 293.0042 293.0042 293.0042 
293.0034 293.0034 293.0034 293.0034 293.0034 293.0034 293.0034 293.0034 293.0034 293.0034 293.0034 293.0034 293.0034 293.0034 293.0034 293.0034 293.0034 293.0034 293.0034 293.0034 293.0034 293.0034 293.0034 293.0034 293.0034 293.0034 293.0034 293.0034 293.0034 293.0034 
293.0030 293.0030 293.0030 293.0030 293.0030 293.0030 293.0030 293.0030 293.0030 293.0030 293.0030 293.0030 293.0030 293.0030 293.0030 293.0030 293.0030 293.0030 293.0030 293.0030 293.0030 293.0030 293.0030 293.0030 293.0030 293.0030 293.0030 293.0030 293.0030 293.0030 

